model=lr
started_at=2024-03-19-225329
repeats=5
train_source=tf
train_topic=None
train_layer=-5
train_split=train
val_source=qa-gen-prof
val_topic=None
val_layer=-5
val_split=val
accuracy=0.6487745098039216
optimum_threshold=0.18929223716259003
calibrated_acc=0.6774509803921569
auroc=0.6252484164086374
accuracy_std=0.02414868777991327
optimum_threshold_std=0.2907612919807434
calibrated_acc_std=0.004618000902308059
auroc_std=0.03210404493141543