model=lr
started_at=2024-03-19-230201
repeats=5
train_source=qa
train_topic=None
train_layer=-5
train_split=train
val_source=qa-gen-prof
val_topic=None
val_layer=-5
val_split=val
accuracy=0.7848039215686275
optimum_threshold=0.7727459073066711
calibrated_acc=0.7901960784313725
auroc=0.7987027705259749
accuracy_std=0.0036353914152429593
optimum_threshold_std=0.040226586163043976
calibrated_acc_std=0.001342457248787167
auroc_std=0.001345523654481181