model=lr
started_at=2024-03-18-131824
repeats=5
train_source=tf
train_topic=None
train_layer=-5
train_split=train
val_source=qa-gen
val_topic=None
val_layer=-5
val_split=val
accuracy=0.6782669954209228
optimum_threshold=0.9122165441513062
calibrated_acc=0.6905600563578724
auroc=0.7578956294981054
accuracy_std=0.005204289837757183
optimum_threshold_std=0.0252394899725914
calibrated_acc_std=0.004622897058262331
auroc_std=0.003943818472505528