model=lr
started_at=2024-03-18-094809
repeats=5
train_source=tf
train_topic=None
train_layer=-5
train_split=train
val_source=tf
val_topic=None
val_layer=-5
val_split=val
accuracy=0.7421010425020047
optimum_threshold=0.6075917482376099
calibrated_acc=0.7448275862068966
auroc=0.7622773658019464
accuracy_std=0.17125794470542086
optimum_threshold_std=0.12618862092494965
calibrated_acc_std=0.17190709004787344
auroc_std=0.24651203923133358