model=lr
started_at=2024-03-19-224923
repeats=5
train_source=tf
train_topic=None
train_layer=-1
train_split=train
val_source=qa-gen
val_topic=None
val_layer=-1
val_split=val
accuracy=0.5385556915544676
optimum_threshold=0.013107423670589924
calibrated_acc=0.5880048959608323
auroc=0.5342200933431589
accuracy_std=0.008072769864304103
optimum_threshold_std=0.00979399960488081
calibrated_acc_std=0.0025381201166863633
auroc_std=0.003613653019034513