model=lr
started_at=2024-03-19-225526
repeats=5
train_source=tf
train_topic=None
train_layer=-9
train_split=train
val_source=qa-gen
val_topic=None
val_layer=-9
val_split=val
accuracy=0.583108935128519
optimum_threshold=0.13248048722743988
calibrated_acc=0.609547123623011
auroc=0.6069209039548022
accuracy_std=0.0046285606857256
optimum_threshold_std=0.05395512655377388
calibrated_acc_std=0.0035685140115332276
auroc_std=0.0059102481101529145