model=lr
started_at=2024-03-19-225219
repeats=5
train_source=tf
train_topic=None
train_layer=-5
train_split=train
val_source=qa-gen
val_topic=None
val_layer=-5
val_split=val
accuracy=0.6181150550795593
optimum_threshold=0.608629584312439
calibrated_acc=0.6271725826193391
auroc=0.6590751658069272
accuracy_std=0.00774119378254196
optimum_threshold_std=0.12903335690498352
calibrated_acc_std=0.002538120116686366
auroc_std=0.009702856525367173