model=lr
started_at=2024-03-19-225640
repeats=5
train_source=tf
train_topic=None
train_layer=-9
train_split=train
val_source=qa-gen-prof
val_topic=None
val_layer=-9
val_split=val
accuracy=0.4889705882352941
optimum_threshold=0.009555833414196968
calibrated_acc=0.6703431372549018
auroc=0.4999898812053508
accuracy_std=0.032225965177217396
optimum_threshold_std=0.010669708251953125
calibrated_acc_std=0.0012254901960784268
auroc_std=0.022957536919886175