model=lr
started_at=2024-03-18-094559
repeats=5
train_source=qa
train_topic=None
train_layer=-1
train_split=train
val_source=tf
val_topic=None
val_layer=-1
val_split=val
accuracy=0.5642341619887731
optimum_threshold=0.7276325225830078
calibrated_acc=0.5708099438652766
auroc=0.5797765038261433
accuracy_std=0.004995160064922975
optimum_threshold_std=0.10388422757387161
calibrated_acc_std=0.00433336201639337
auroc_std=0.004658885278368446