model=lr
started_at=2024-03-18-094522
repeats=5
train_source=tf
train_topic=None
train_layer=-1
train_split=train
val_source=qa
val_topic=None
val_layer=-1
val_split=val
accuracy=0.558450704225352
optimum_threshold=0.9851177930831909
calibrated_acc=0.6066901408450704
auroc=0.6310214848775104
accuracy_std=0.003328815211476951
optimum_threshold_std=0.012374019250273705
calibrated_acc_std=0.0038572011091913194
auroc_std=0.006240787255416925