model=lr
started_at=2024-03-17-225623
repeats=5
train_source=tf
train_topic=None
train_layer=-1
train_split=train
val_source=qa
val_topic=None
val_layer=-1
val_split=val
accuracy=0.5595070422535211
optimum_threshold=0.9840572476387024
calibrated_acc=0.6107394366197184
auroc=0.6352654533957018
accuracy_std=0.002892900831893483
optimum_threshold_std=0.007466198410838842
calibrated_acc_std=0.004374920295700441
auroc_std=0.005549084947906902