model=lr
started_at=2024-03-18-131911
repeats=5
train_source=qa
train_topic=None
train_layer=-5
train_split=train
val_source=qa-gen
val_topic=None
val_layer=-5
val_split=val
accuracy=0.943289890806622
optimum_threshold=0.545913577079773
calibrated_acc=0.9438886932018317
auroc=0.9770973809792924
accuracy_std=0.0012453448065983255
optimum_threshold_std=0.049404192715883255
calibrated_acc_std=0.0007836771913098833
auroc_std=0.00011108013706950097