model=lr
started_at=2024-03-19-225918
repeats=5
train_source=qa
train_topic=None
train_layer=-13
train_split=train
val_source=qa-gen
val_topic=None
val_layer=-13
val_split=val
accuracy=0.7307221542227662
optimum_threshold=0.8011077046394348
calibrated_acc=0.7358629130966952
auroc=0.8052259887005648
accuracy_std=0.0031205749777189645
optimum_threshold_std=0.17475645244121552
calibrated_acc_std=0.002011221141389844
auroc_std=0.0009532649751657011