model=lr
started_at=2024-03-18-095539
repeats=5
train_source=tf
train_topic=None
train_layer=-13
train_split=train
val_source=tf
val_topic=None
val_layer=-13
val_split=val
accuracy=0.8506816359262228
optimum_threshold=0.46232467889785767
calibrated_acc=0.8585404971932638
auroc=0.926626561205428
accuracy_std=0.002151789553327795
optimum_threshold_std=0.026271767914295197
calibrated_acc_std=0.0028690527377704
auroc_std=0.0021637608803079574