model=lr
started_at=2024-03-19-225946
repeats=5
train_source=tf
train_topic=None
train_layer=-13
train_split=train
val_source=qa-gen-prof
val_topic=None
val_layer=-13
val_split=val
accuracy=0.3987745098039216
optimum_threshold=0.004330736119300127
calibrated_acc=0.6686274509803921
auroc=0.4310228752217703
accuracy_std=0.016726931126584306
optimum_threshold_std=0.0031424444168806076
calibrated_acc_std=0.0006712286243935836
auroc_std=0.010875928319804164