model=lr
started_at=2024-03-18-095010
repeats=5
train_source=qa
train_topic=None
train_layer=-5
train_split=train
val_source=qa
val_topic=None
val_layer=-5
val_split=val
accuracy=0.856161971830986
optimum_threshold=0.5951988101005554
calibrated_acc=0.858450704225352
auroc=0.9309994761298082
accuracy_std=0.0028929008318934806
optimum_threshold_std=0.12836261093616486
calibrated_acc_std=0.0014464504159467377
auroc_std=0.0004828441731909182