model=lr
started_at=2024-03-19-225033
repeats=5
train_source=tf
train_topic=None
train_layer=-1
train_split=train
val_source=qa-gen-prof
val_topic=None
val_layer=-1
val_split=val
accuracy=0.6041666666666667
optimum_threshold=0.000624175532720983
calibrated_acc=0.6666666666666666
auroc=0.47864327201343776
accuracy_std=0.01206967867867171
optimum_threshold_std=0.0005497328820638359
calibrated_acc_std=0.0
auroc_std=0.012261482186262319