model=lr
started_at=2024-03-19-230243
repeats=5
train_source=qa
train_topic=None
train_layer=-9
train_split=train
val_source=qa-gen-prof
val_topic=None
val_layer=-9
val_split=val
accuracy=0.783578431372549
optimum_threshold=0.7063437700271606
calibrated_acc=0.7911764705882353
auroc=0.8058196560958993
accuracy_std=0.0018585479029538047
optimum_threshold_std=0.05936115235090256
calibrated_acc_std=0.0006712286243935836
auroc_std=0.0031445070405227995