model=lr
started_at=2024-03-18-132316
repeats=5
train_source=tf
train_topic=None
train_layer=-13
train_split=train
val_source=qa-gen
val_topic=None
val_layer=-13
val_split=val
accuracy=0.6013737231419514
optimum_threshold=0.0567481704056263
calibrated_acc=0.6402606551602676
auroc=0.6930382940477953
accuracy_std=0.01167546455524622
optimum_threshold_std=0.011575641110539436
calibrated_acc_std=0.003780601018668197
auroc_std=0.006494651084647441