model=lr
started_at=2024-03-18-095731
repeats=5
train_source=qa
train_topic=None
train_layer=-13
train_split=train
val_source=qa
val_topic=None
val_layer=-13
val_split=val
accuracy=0.8642605633802818
optimum_threshold=0.6002482175827026
calibrated_acc=0.8690140845070422
auroc=0.9398938000427774
accuracy_std=0.0025964579584071444
optimum_threshold_std=0.06785374134778976
calibrated_acc_std=0.0018040406278097942
auroc_std=0.0004496422116256195