model=lr
started_at=2024-03-18-095323
repeats=5
train_source=qa
train_topic=None
train_layer=-9
train_split=train
val_source=tf
val_topic=None
val_layer=-9
val_split=val
accuracy=0.5064955894145949
optimum_threshold=0.3987264037132263
calibrated_acc=0.5534883720930233
auroc=0.547252226985246
accuracy_std=0.0043035791066555855
optimum_threshold_std=0.5459676384925842
calibrated_acc_std=0.012246100509267718
auroc_std=0.016561378541107463