model=lr
started_at=2024-03-18-095240
repeats=5
train_source=tf
train_topic=None
train_layer=-9
train_split=train
val_source=qa
val_topic=None
val_layer=-9
val_split=val
accuracy=0.6512323943661972
optimum_threshold=0.3193415105342865
calibrated_acc=0.6621478873239437
auroc=0.7102334477168251
accuracy_std=0.006858292669289588
optimum_threshold_std=0.14242106676101685
calibrated_acc_std=0.004285444170647234
auroc_std=0.00525774570931538