model=lr
started_at=2024-03-19-225303
repeats=5
train_source=qa
train_topic=None
train_layer=-5
train_split=train
val_source=qa-gen
val_topic=None
val_layer=-5
val_split=val
accuracy=0.7439412484700123
optimum_threshold=0.6722432374954224
calibrated_acc=0.747858017135863
auroc=0.803024441169246
accuracy_std=0.002653547538393961
optimum_threshold_std=0.08321606367826462
calibrated_acc_std=0.003120574977718932
auroc_std=0.0007532615974818948