model=lr
started_at=2024-03-18-094447
repeats=5
train_source=tf
train_topic=None
train_layer=-1
train_split=train
val_source=tf
val_topic=None
val_layer=-1
val_split=val
accuracy=0.8776263031275061
optimum_threshold=0.5147877335548401
calibrated_acc=0.8798716920609463
auroc=0.9447404037649048
accuracy_std=0.0020128148192479415
optimum_threshold_std=0.05737004801630974
calibrated_acc_std=0.001434526368885165
auroc_std=0.0004664288111428674