model=lr
started_at=2024-03-18-132050
repeats=5
train_source=tf
train_topic=None
train_layer=-9
train_split=train
val_source=qa-gen
val_topic=None
val_layer=-9
val_split=val
accuracy=0.6464600211342022
optimum_threshold=0.30898934602737427
calibrated_acc=0.6550193730186686
auroc=0.7125383611080058
accuracy_std=0.009226147736857888
optimum_threshold_std=0.047579575330019
calibrated_acc_std=0.004072486973854684
auroc_std=0.006869671852808745