model=lr
started_at=2024-03-19-225610
repeats=5
train_source=qa
train_topic=None
train_layer=-9
train_split=train
val_source=qa-gen
val_topic=None
val_layer=-9
val_split=val
accuracy=0.7287637698898408
optimum_threshold=0.8213123083114624
calibrated_acc=0.7422276621787025
auroc=0.8022942765905183
accuracy_std=0.0018562730585193333
optimum_threshold_std=0.07313273102045059
calibrated_acc_std=0.0022234886321401744
auroc_std=0.0007798625322855096