model=lr
started_at=2024-03-19-225834
repeats=5
train_source=tf
train_topic=None
train_layer=-13
train_split=train
val_source=qa-gen
val_topic=None
val_layer=-13
val_split=val
accuracy=0.5351285189718482
optimum_threshold=0.08180037885904312
calibrated_acc=0.6090575275397796
auroc=0.5897862932940309
accuracy_std=0.013022703626213362
optimum_threshold_std=0.03728783503174782
calibrated_acc_std=0.004941647304329586
auroc_std=0.008452355443805789