model=lr
started_at=2024-03-19-230330
repeats=5
train_source=qa
train_topic=None
train_layer=-13
train_split=train
val_source=qa-gen-prof
val_topic=None
val_layer=-13
val_split=val
accuracy=0.8019607843137255
optimum_threshold=0.5738398432731628
calibrated_acc=0.8046568627450981
auroc=0.8025917606028103
accuracy_std=0.0035306030124725623
optimum_threshold_std=0.05769569054245949
calibrated_acc_std=0.002951371220292219
auroc_std=0.0014643464912953833