model=lr
started_at=2024-03-18-095620
repeats=5
train_source=tf
train_topic=None
train_layer=-13
train_split=train
val_source=qa
val_topic=None
val_layer=-13
val_split=val
accuracy=0.5797535211267606
optimum_threshold=0.14094986021518707
calibrated_acc=0.6397887323943662
auroc=0.6844602742103975
accuracy_std=0.007789373875221468
optimum_threshold_std=0.06443972885608673
calibrated_acc_std=0.013121808517052191
auroc_std=0.014464999582735677