model=lr
started_at=2024-03-19-225006
repeats=5
train_source=qa
train_topic=None
train_layer=-1
train_split=train
val_source=qa-gen
val_topic=None
val_layer=-1
val_split=val
accuracy=0.7272949816401468
optimum_threshold=0.5834947228431702
calibrated_acc=0.7297429620563036
auroc=0.7819706460329157
accuracy_std=0.005767059480729361
optimum_threshold_std=0.09291328489780426
calibrated_acc_std=0.005292961642702495
auroc_std=0.0018239594195490819