model=lr
started_at=2024-03-18-094848
repeats=5
train_source=tf
train_topic=None
train_layer=-5
train_split=train
val_source=qa
val_topic=None
val_layer=-5
val_split=val
accuracy=0.676056338028169
optimum_threshold=0.7283711433410645
calibrated_acc=0.7028169014084507
auroc=0.7626889729974364
accuracy_std=0.009881137465072016
optimum_threshold_std=0.3013204038143158
calibrated_acc_std=0.01464551714301791
auroc_std=0.010834262686193691