model=lr
started_at=2024-03-18-094939
repeats=5
train_source=qa
train_topic=None
train_layer=-5
train_split=train
val_source=tf
val_topic=None
val_layer=-5
val_split=val
accuracy=0.529270248596632
optimum_threshold=0.43064913153648376
calibrated_acc=0.565196471531676
auroc=0.578512615723468
accuracy_std=0.02649387094896843
optimum_threshold_std=0.4303334355354309
calibrated_acc_std=0.006375174631708655
auroc_std=0.0071661445671782524