model=lr
started_at=2024-03-18-095350
repeats=5
train_source=qa
train_topic=None
train_layer=-9
train_split=train
val_source=qa
val_topic=None
val_layer=-9
val_split=val
accuracy=0.8679577464788732
optimum_threshold=0.5001144409179688
calibrated_acc=0.868838028169014
auroc=0.9345338950213732
accuracy_std=0.0016468562441786468
optimum_threshold_std=0.0381777361035347
calibrated_acc_std=0.0008802816901408161
auroc_std=0.0004104773984029749