model=lr
started_at=2024-03-18-095705
repeats=5
train_source=qa
train_topic=None
train_layer=-13
train_split=train
val_source=tf
val_topic=None
val_layer=-13
val_split=val
accuracy=0.5201283079390537
optimum_threshold=0.2853657603263855
calibrated_acc=0.5252606255012029
auroc=0.5141219940202038
accuracy_std=0.0023103224203508714
optimum_threshold_std=0.11977628618478775
calibrated_acc_std=0.0
auroc_std=0.003961161137954855