model=lr
started_at=2024-03-18-131610
repeats=5
train_source=tf
train_topic=None
train_layer=-1
train_split=train
val_source=qa-gen
val_topic=None
val_layer=-1
val_split=val
accuracy=0.5486791123635083
optimum_threshold=0.9813397526741028
calibrated_acc=0.57819654808031
auroc=0.6047738433168266
accuracy_std=0.005334089625006369
optimum_threshold_std=0.0028193676844239235
calibrated_acc_std=0.0053881854669877985
auroc_std=0.007098524124535749