model=lr
started_at=2024-03-18-131656
repeats=5
train_source=qa
train_topic=None
train_layer=-1
train_split=train
val_source=qa-gen
val_topic=None
val_layer=-1
val_split=val
accuracy=0.9345896442409298
optimum_threshold=0.4916445314884186
calibrated_acc=0.9353997886579781
auroc=0.9735212789306494
accuracy_std=0.0007935104139534304
optimum_threshold_std=0.010355119593441486
calibrated_acc_std=0.0005485174886367531
auroc_std=0.0001359218629108894