model=lr
started_at=2024-03-18-132403
repeats=5
train_source=qa
train_topic=None
train_layer=-13
train_split=train
val_source=qa-gen
val_topic=None
val_layer=-13
val_split=val
accuracy=0.9473758365621698
optimum_threshold=0.56895911693573
calibrated_acc=0.9487143360338148
auroc=0.978986580637701
accuracy_std=0.0008012901138483745
optimum_threshold_std=0.04715593531727791
calibrated_acc_std=0.0007304135735585658
auroc_std=0.00017436963736763232