model=lr
started_at=2024-03-18-095201
repeats=5
train_source=tf
train_topic=None
train_layer=-9
train_split=train
val_source=tf
val_topic=None
val_layer=-9
val_split=val
accuracy=0.8611066559743383
optimum_threshold=0.47469979524612427
calibrated_acc=0.8649558941459503
auroc=0.9335787176887728
accuracy_std=0.007531263436647242
optimum_threshold_std=0.03416937217116356
calibrated_acc_std=0.005337469540431043
auroc_std=0.002563084746474824