model=lr
started_at=2024-03-18-132138
repeats=5
train_source=qa
train_topic=None
train_layer=-9
train_split=train
val_source=qa-gen
val_topic=None
val_layer=-9
val_split=val
accuracy=0.946354350123283
optimum_threshold=0.5194281339645386
calibrated_acc=0.9465304684748151
auroc=0.9787150767358638
accuracy_std=0.0005652274228911824
optimum_threshold_std=0.007592224515974522
calibrated_acc_std=0.0005224514608732626
auroc_std=0.00021055029798818574