model=lr
started_at=2024-03-19-230122
repeats=5
train_source=qa
train_topic=None
train_layer=-1
train_split=train
val_source=qa-gen-prof
val_topic=None
val_layer=-1
val_split=val
accuracy=0.7656862745098039
optimum_threshold=0.35405001044273376
calibrated_acc=0.7710784313725491
auroc=0.7797974891897542
accuracy_std=0.004191821415805693
optimum_threshold_std=0.10819852352142334
calibrated_acc_std=0.0025115075406763636
auroc_std=0.004405443343215358