model=lr
started_at=2024-03-18-094623
repeats=5
train_source=qa
train_topic=None
train_layer=-1
train_split=train
val_source=qa
val_topic=None
val_layer=-1
val_split=val
accuracy=0.8519366197183098
optimum_threshold=0.4912859797477722
calibrated_acc=0.8545774647887324
auroc=0.9274938855979096
accuracy_std=0.0028794766256683424
optimum_threshold_std=0.05431037396192551
calibrated_acc_std=0.003074691759960036
auroc_std=0.0007764999388876778