model=mm
started_at=2024-03-19-230228
repeats=5
train_source=qa
train_topic=None
train_layer=-5
train_split=train
val_source=qa-gen-prof
val_topic=None
val_layer=-5
val_split=val
accuracy=0.41789215686274506
optimum_threshold=0.0
calibrated_acc=0.5526960784313726
auroc=0.6448842747185288
accuracy_std=6.206335383118183e-17
optimum_threshold_std=0.0
calibrated_acc_std=0.0
auroc_std=0.0