model=mm
started_at=2024-03-18-094724
repeats=5
train_source=qa
train_topic=None
train_layer=-1
train_split=train
val_source=qa
val_topic=None
val_layer=-1
val_split=val
accuracy=0.5589788732394366
optimum_threshold=7.744662721467255e-39
calibrated_acc=0.5774647887323944
auroc=0.5741446811676416
accuracy_std=0.0
optimum_threshold_std=0.0
calibrated_acc_std=0.0
auroc_std=0.0