model=mm
started_at=2024-03-18-132433
repeats=5
train_source=tf
train_topic=None
train_layer=-13
train_split=train
val_source=qa-gen
val_topic=None
val_layer=-13
val_split=val
accuracy=0.5787249031349067
optimum_threshold=0.09149173647165298
calibrated_acc=0.5829517435716801
auroc=0.6099570951129669
accuracy_std=0.0
optimum_threshold_std=0.0
calibrated_acc_std=0.0
auroc_std=0.0