model=mm
started_at=2024-03-18-132230
repeats=5
train_source=qa
train_topic=None
train_layer=-9
train_split=train
val_source=qa-gen
val_topic=None
val_layer=-9
val_split=val
accuracy=0.6623811201127158
optimum_threshold=4.226470311234724e-39
calibrated_acc=0.7433955618175414
auroc=0.7662537883435829
accuracy_std=0.0
optimum_threshold_std=0.0
calibrated_acc_std=0.0
auroc_std=0.0