model=mm
started_at=2024-03-18-095109
repeats=5
train_source=qa
train_topic=None
train_layer=-5
train_split=train
val_source=tf
val_topic=None
val_layer=-5
val_split=val
accuracy=0.49398556535685645
optimum_threshold=5.496399847126018e-39
calibrated_acc=0.5244587008821171
auroc=0.5311469166996876
accuracy_std=0.0
optimum_threshold_std=0.0
calibrated_acc_std=0.0
auroc_std=0.0