model=mm
started_at=2024-03-19-225751
repeats=5
train_source=tf
train_topic=None
train_layer=-9
train_split=train
val_source=qa-gen-prof
val_topic=None
val_layer=-9
val_split=val
accuracy=0.5098039215686274
optimum_threshold=1.3714279702981003e-06
calibrated_acc=0.6654411764705882
auroc=0.45413150385526074
accuracy_std=0.0
optimum_threshold_std=0.0
calibrated_acc_std=0.0
auroc_std=0.0