model=mm
started_at=2024-03-19-225137
repeats=5
train_source=tf
train_topic=None
train_layer=-1
train_split=train
val_source=qa-gen-prof
val_topic=None
val_layer=-1
val_split=val
accuracy=0.6605392156862745
optimum_threshold=6.537684752019135e-29
calibrated_acc=0.6642156862745098
auroc=0.4981111583321528
accuracy_std=0.0
optimum_threshold_std=0.0
calibrated_acc_std=0.0
auroc_std=0.0