model=mm
started_at=2024-03-19-225432
repeats=5
train_source=qa
train_topic=None
train_layer=-5
train_split=train
val_source=qa-gen
val_topic=None
val_layer=-5
val_split=val
accuracy=0.543451652386781
optimum_threshold=1.801960187529866e-37
calibrated_acc=0.6927784577723378
auroc=0.7218189633996561
accuracy_std=0.0
optimum_threshold_std=0.0
calibrated_acc_std=0.0
auroc_std=0.0