model=mm
started_at=2024-03-18-095454
repeats=5
train_source=qa
train_topic=None
train_layer=-9
train_split=train
val_source=qa
val_topic=None
val_layer=-9
val_split=val
accuracy=0.6672535211267606
optimum_threshold=5.509172958403877e-35
calibrated_acc=0.7588028169014085
auroc=0.780287601635467
accuracy_std=0.0
optimum_threshold_std=0.0
calibrated_acc_std=0.0
auroc_std=0.0