model=mm
started_at=2024-03-19-230314
repeats=5
train_source=qa
train_topic=None
train_layer=-9
train_split=train
val_source=qa-gen-prof
val_topic=None
val_layer=-9
val_split=val
accuracy=0.43627450980392163
optimum_threshold=0.0
calibrated_acc=0.7058823529411765
auroc=0.7426992896606157
accuracy_std=6.206335383118183e-17
optimum_threshold_std=0.0
calibrated_acc_std=0.0
auroc_std=0.0