model=mm
started_at=2024-03-19-225439
repeats=5
train_source=tf
train_topic=None
train_layer=-5
train_split=train
val_source=qa-gen-prof
val_topic=None
val_layer=-5
val_split=val
accuracy=0.4877450980392156
optimum_threshold=1.766869961970785e-12
calibrated_acc=0.6678921568627451
auroc=0.48620470996161613
accuracy_std=6.206335383118183e-17
optimum_threshold_std=1.2121748973126712e-19
calibrated_acc_std=0.0
auroc_std=6.206335383118183e-17