model=mm
started_at=2024-03-18-132209
repeats=5
train_source=tf
train_topic=None
train_layer=-9
train_split=train
val_source=qa-gen
val_topic=None
val_layer=-9
val_split=val
accuracy=0.6012680521310321
optimum_threshold=0.9925408363342285
calibrated_acc=0.6268052131032054
auroc=0.6794482849149514
accuracy_std=0.0
optimum_threshold_std=0.0
calibrated_acc_std=0.0
auroc_std=0.0