model=mm
started_at=2024-03-19-225418
repeats=5
train_source=tf
train_topic=None
train_layer=-5
train_split=train
val_source=qa-gen
val_topic=None
val_layer=-5
val_split=val
accuracy=0.572827417380661
optimum_threshold=8.762726366740026e-08
calibrated_acc=0.6266829865361077
auroc=0.6259856300663227
accuracy_std=0.0
optimum_threshold_std=0.0
calibrated_acc_std=0.0
auroc_std=0.0