model=mm
started_at=2024-03-18-095829
repeats=5
train_source=qa
train_topic=None
train_layer=-13
train_split=train
val_source=tf
val_topic=None
val_layer=-13
val_split=val
accuracy=0.49959903769045705
optimum_threshold=3.365161758888428e-19
calibrated_acc=0.5300721732157178
auroc=0.526658209869237
accuracy_std=6.206335383118183e-17
optimum_threshold_std=0.0
calibrated_acc_std=0.0
auroc_std=0.0