model=mm
started_at=2024-03-18-095055
repeats=5
train_source=tf
train_topic=None
train_layer=-5
train_split=train
val_source=qa
val_topic=None
val_layer=-5
val_split=val
accuracy=0.6716549295774648
optimum_threshold=0.15430784225463867
calibrated_acc=0.6927816901408451
auroc=0.7525999770613052
accuracy_std=0.0
optimum_threshold_std=0.0
calibrated_acc_std=0.0
auroc_std=0.0