model=mm
started_at=2024-03-18-095417
repeats=5
train_source=tf
train_topic=None
train_layer=-9
train_split=train
val_source=tf
val_topic=None
val_layer=-9
val_split=val
accuracy=0.5196471531676022
optimum_threshold=0.9283486604690552
calibrated_acc=0.5236567762630313
auroc=0.5104659300847567
accuracy_std=0.0
optimum_threshold_std=6.664001972467304e-08
calibrated_acc_std=0.0
auroc_std=0.0