model=mm
started_at=2024-03-18-095759
repeats=5
train_source=tf
train_topic=None
train_layer=-13
train_split=train
val_source=tf
val_topic=None
val_layer=-13
val_split=val
accuracy=0.5188452285485164
optimum_threshold=0.08215425163507462
calibrated_acc=0.5228548516439455
auroc=0.5061303204491537
accuracy_std=0.0
optimum_threshold_std=0.0
calibrated_acc_std=0.0
auroc_std=0.0