model=mm
started_at=2024-03-19-225743
repeats=5
train_source=qa
train_topic=None
train_layer=-9
train_split=train
val_source=qa-gen
val_topic=None
val_layer=-9
val_split=val
accuracy=0.5850673194614443
optimum_threshold=6.778570251991412e-35
calibrated_acc=0.7405140758873929
auroc=0.7750644804716287
accuracy_std=0.0
optimum_threshold_std=0.0
calibrated_acc_std=0.0
auroc_std=0.0