model=mm
started_at=2024-03-18-094716
repeats=5
train_source=qa
train_topic=None
train_layer=-1
train_split=train
val_source=tf
val_topic=None
val_layer=-1
val_split=val
accuracy=0.5028067361668003
optimum_threshold=0.9999998211860657
calibrated_acc=0.5052125100240578
auroc=0.49706670920796
accuracy_std=0.0
optimum_threshold_std=6.664001972467304e-08
calibrated_acc_std=0.0
auroc_std=0.0