model=mm
started_at=2024-03-18-132456
repeats=5
train_source=qa
train_topic=None
train_layer=-13
train_split=train
val_source=qa-gen
val_topic=None
val_layer=-13
val_split=val
accuracy=0.6803451919690031
optimum_threshold=2.6362718413335467e-27
calibrated_acc=0.7615357520253611
auroc=0.8182632931513844
accuracy_std=0.0
optimum_threshold_std=0.0
calibrated_acc_std=0.0
auroc_std=0.0