model=mm
started_at=2024-03-18-095837
repeats=5
train_source=qa
train_topic=None
train_layer=-13
train_split=train
val_source=qa
val_topic=None
val_layer=-13
val_split=val
accuracy=0.6901408450704225
optimum_threshold=8.314564089115326e-28
calibrated_acc=0.7737676056338029
auroc=0.8268051047895375
accuracy_std=0.0
optimum_threshold_std=0.0
calibrated_acc_std=0.0
auroc_std=0.0