model=mm
started_at=2024-03-18-095814
repeats=5
train_source=tf
train_topic=None
train_layer=-13
train_split=train
val_source=qa
val_topic=None
val_layer=-13
val_split=val
accuracy=0.5809859154929577
optimum_threshold=0.5365841388702393
calibrated_acc=0.5818661971830986
auroc=0.6055536439976565
accuracy_std=0.0
optimum_threshold_std=0.0
calibrated_acc_std=0.0
auroc_std=0.0