model=mm
started_at=2024-03-19-230049
repeats=5
train_source=qa
train_topic=None
train_layer=-13
train_split=train
val_source=qa-gen
val_topic=None
val_layer=-13
val_split=val
accuracy=0.6401468788249693
optimum_threshold=1.5063328567479166e-25
calibrated_acc=0.7527539779681762
auroc=0.8095246868091379
accuracy_std=0.0
optimum_threshold_std=0.0
calibrated_acc_std=0.0
auroc_std=0.0