model=mm
started_at=2024-03-19-230035
repeats=5
train_source=tf
train_topic=None
train_layer=-13
train_split=train
val_source=qa-gen
val_topic=None
val_layer=-13
val_split=val
accuracy=0.4834761321909425
optimum_threshold=7.128925290089683e-07
calibrated_acc=0.576499388004896
auroc=0.46147138295259155
accuracy_std=0.0
optimum_threshold_std=0.0
calibrated_acc_std=0.0
auroc_std=0.0