model=mm
started_at=2024-03-18-131941
repeats=5
train_source=tf
train_topic=None
train_layer=-5
train_split=train
val_source=qa-gen
val_topic=None
val_layer=-5
val_split=val
accuracy=0.6613244100035224
optimum_threshold=0.007886094972491264
calibrated_acc=0.6831630855935188
auroc=0.7475068924372832
accuracy_std=0.0
optimum_threshold_std=0.0
calibrated_acc_std=0.0
auroc_std=0.0