model=mm
started_at=2024-03-19-225729
repeats=5
train_source=tf
train_topic=None
train_layer=-9
train_split=train
val_source=qa-gen
val_topic=None
val_layer=-9
val_split=val
accuracy=0.5507955936352509
optimum_threshold=2.704772896322538e-06
calibrated_acc=0.5777233782129743
auroc=0.4996069761729305
accuracy_std=0.0
optimum_threshold_std=0.0
calibrated_acc_std=0.0
auroc_std=0.0