model=mm
started_at=2024-03-19-225118
repeats=5
train_source=tf
train_topic=None
train_layer=-1
train_split=train
val_source=qa-gen
val_topic=None
val_layer=-1
val_split=val
accuracy=0.5630354957160343
optimum_threshold=1.74934020431241e-22
calibrated_acc=0.5789473684210527
auroc=0.4846904937361828
accuracy_std=0.0
optimum_threshold_std=0.0
calibrated_acc_std=0.0
auroc_std=6.206335383118183e-17