model=mm
started_at=2024-03-18-131741
repeats=5
train_source=qa
train_topic=None
train_layer=-1
train_split=train
val_source=qa-gen
val_topic=None
val_layer=-1
val_split=val
accuracy=0.5500176118351532
optimum_threshold=5.764818007448051e-38
calibrated_acc=0.5732652342374075
auroc=0.5727958747982764
accuracy_std=0.0
optimum_threshold_std=0.0
calibrated_acc_std=0.0
auroc_std=0.0