model=mm
started_at=2024-03-18-094647
repeats=5
train_source=tf
train_topic=None
train_layer=-1
train_split=train
val_source=tf
val_topic=None
val_layer=-1
val_split=val
accuracy=0.6206896551724138
optimum_threshold=3.499378577050506e-39
calibrated_acc=0.6431435445068163
auroc=0.6502822649121813
accuracy_std=0.0
optimum_threshold_std=0.0
calibrated_acc_std=0.0
auroc_std=0.0