model=mm
started_at=2024-03-18-095041
repeats=5
train_source=tf
train_topic=None
train_layer=-5
train_split=train
val_source=tf
val_topic=None
val_layer=-5
val_split=val
accuracy=0.520449077786688
optimum_threshold=0.9999998807907104
calibrated_acc=0.5268644747393745
auroc=0.5204995857370022
accuracy_std=0.0
optimum_threshold_std=0.0
calibrated_acc_std=0.0
auroc_std=0.0