model=mm
started_at=2024-03-19-230400
repeats=5
train_source=qa
train_topic=None
train_layer=-13
train_split=train
val_source=qa-gen-prof
val_topic=None
val_layer=-13
val_split=val
accuracy=0.4901960784313725
optimum_threshold=1.074932595860854e-30
calibrated_acc=0.7610294117647058
auroc=0.7979782648290936
accuracy_std=6.206335383118183e-17
optimum_threshold_std=0.0
calibrated_acc_std=0.0
auroc_std=0.0