model=mm
started_at=2024-03-19-225130
repeats=5
train_source=qa
train_topic=None
train_layer=-1
train_split=train
val_source=qa-gen
val_topic=None
val_layer=-1
val_split=val
accuracy=0.4651162790697675
optimum_threshold=0.0
calibrated_acc=0.5006119951040392
auroc=0.5655244411692458
accuracy_std=6.206335383118183e-17
optimum_threshold_std=0.0
calibrated_acc_std=0.0
auroc_std=0.0