model=mm
started_at=2024-03-18-095446
repeats=5
train_source=qa
train_topic=None
train_layer=-9
train_split=train
val_source=tf
val_topic=None
val_layer=-9
val_split=val
accuracy=0.49398556535685645
optimum_threshold=5.785321975692371e-25
calibrated_acc=0.5284683239775461
auroc=0.5324488861214176
accuracy_std=0.0
optimum_threshold_std=0.0
calibrated_acc_std=0.0
auroc_std=0.0