model=saplma
started_at=2024-03-19-225455
repeats=5
train_source=tf
train_topic=None
train_layer=-9
train_split=train
val_source=qa-gen
val_topic=None
val_layer=-9
val_split=val
accuracy=0.6178702570379437
optimum_threshold=0.48547640442848206
calibrated_acc=0.6621787025703794
auroc=0.6774023581429625
accuracy_std=0.051759013312670465
optimum_threshold_std=0.011198028922080994
calibrated_acc_std=0.014009208252459708
auroc_std=0.021525613956629507