model=saplma
started_at=2024-03-18-132019
repeats=5
train_source=tf
train_topic=None
train_layer=-9
train_split=train
val_source=qa-gen
val_topic=None
val_layer=-9
val_split=val
accuracy=0.6629799225079254
optimum_threshold=0.4730144441127777
calibrated_acc=0.6994011976047905
auroc=0.7707578895624411
accuracy_std=0.04088006276184368
optimum_threshold_std=0.021787723526358604
calibrated_acc_std=0.009724380800377031
auroc_std=0.014456418732887728