model=saplma
started_at=2024-03-18-094412
repeats=5
train_source=tf
train_topic=None
train_layer=-1
train_split=train
val_source=tf
val_topic=None
val_layer=-1
val_split=val
accuracy=0.6341619887730553
optimum_threshold=0.5236459970474243
calibrated_acc=0.6789093825180433
auroc=0.7431708358849534
accuracy_std=0.042176965947633545
optimum_threshold_std=0.10566669702529907
calibrated_acc_std=0.0020911635622141256
auroc_std=0.004671754957327767