model=saplma
started_at=2024-03-18-131538
repeats=5
train_source=tf
train_topic=None
train_layer=-1
train_split=train
val_source=qa-gen
val_topic=None
val_layer=-1
val_split=val
accuracy=0.49207467418104966
optimum_threshold=0.6395604014396667
calibrated_acc=0.5663966185276506
auroc=0.5694625790997208
accuracy_std=0.0028151404302828036
optimum_threshold_std=0.030933208763599396
calibrated_acc_std=0.015663645786797544
auroc_std=0.024814029593550765