model=saplma
started_at=2024-03-18-095147
repeats=5
train_source=qa
train_topic=None
train_layer=-9
train_split=train
val_source=tf
val_topic=None
val_layer=-9
val_split=val
accuracy=0.5215717722534081
optimum_threshold=0.909460186958313
calibrated_acc=0.580112269446672
auroc=0.5668592174803546
accuracy_std=0.002166681008196689
optimum_threshold_std=0.1114523783326149
calibrated_acc_std=0.018829012456999906
auroc_std=0.02615743026022793