model=saplma
started_at=2024-03-19-230235
repeats=5
train_source=qa
train_topic=None
train_layer=-9
train_split=train
val_source=qa-gen-prof
val_topic=None
val_layer=-9
val_split=val
accuracy=0.7671568627450981
optimum_threshold=0.49592694640159607
calibrated_acc=0.7803921568627451
auroc=0.8281909618926193
accuracy_std=0.00812898232930248
optimum_threshold_std=0.06567246466875076
calibrated_acc_std=0.0015978437267653496
auroc_std=0.0011687623953301582