model=saplma
started_at=2024-03-19-224854
repeats=5
train_source=tf
train_topic=None
train_layer=-1
train_split=train
val_source=qa-gen
val_topic=None
val_layer=-1
val_split=val
accuracy=0.5708690330477356
optimum_threshold=0.47811359167099
calibrated_acc=0.5769889840881273
auroc=0.362430606730533
accuracy_std=0.008935966829103541
optimum_threshold_std=0.023651141673326492
calibrated_acc_std=0.0006704070471299187
auroc_std=0.03832620284852977