model=saplma
started_at=2024-03-18-094423
repeats=5
train_source=tf
train_topic=None
train_layer=-1
train_split=train
val_source=qa
val_topic=None
val_layer=-1
val_split=val
accuracy=0.4883802816901408
optimum_threshold=0.6244726777076721
calibrated_acc=0.5713028169014084
auroc=0.5668238277242026
accuracy_std=0.004418979013384196
optimum_threshold_std=0.06514863669872284
calibrated_acc_std=0.01802966474319021
auroc_std=0.0190421245828178