model=saplma
started_at=2024-03-18-094434
repeats=5
train_source=qa
train_topic=None
train_layer=-1
train_split=train
val_source=tf
val_topic=None
val_layer=-1
val_split=val
accuracy=0.5130713712910986
optimum_threshold=0.748848557472229
calibrated_acc=0.5690457097032878
auroc=0.56390328374185
accuracy_std=0.00398549274732614
optimum_threshold_std=0.07896675169467926
calibrated_acc_std=0.026636696086001405
auroc_std=0.02637081541033515