model=saplma
started_at=2024-03-18-131752
repeats=5
train_source=tf
train_topic=None
train_layer=-5
train_split=train
val_source=qa-gen
val_topic=None
val_layer=-5
val_split=val
accuracy=0.6817893624515674
optimum_threshold=0.48191341757774353
calibrated_acc=0.6965480803099683
auroc=0.7638609981412969
accuracy_std=0.02083168183522825
optimum_threshold_std=0.01129455678164959
calibrated_acc_std=0.008529475586004778
auroc_std=0.01373318312896412