model=saplma
started_at=2024-03-18-095532
repeats=5
train_source=qa
train_topic=None
train_layer=-13
train_split=train
val_source=qa
val_topic=None
val_layer=-13
val_split=val
accuracy=0.7959507042253521
optimum_threshold=0.6245877146720886
calibrated_acc=0.8091549295774649
auroc=0.8855191739590016
accuracy_std=0.005615893629484696
optimum_threshold_std=0.02681567706167698
calibrated_acc_std=0.0031982222050325818
auroc_std=0.004562035602207031