model=saplma
started_at=2024-03-18-132038
repeats=5
train_source=qa
train_topic=None
train_layer=-9
train_split=train
val_source=qa-gen
val_topic=None
val_layer=-9
val_split=val
accuracy=0.7814723494188096
optimum_threshold=0.6301308870315552
calibrated_acc=0.7970412116942585
auroc=0.883169835039326
accuracy_std=0.009632240949556933
optimum_threshold_std=0.09802857041358948
calibrated_acc_std=0.004997852805755677
auroc_std=0.005246413523060789