model=saplma
started_at=2024-03-17-225750
repeats=5
train_source=tf
train_topic=None
train_layer=-1
train_split=train
val_source=qa
val_topic=None
val_layer=-1
val_split=val
accuracy=0.4839788732394366
optimum_threshold=0.6104317903518677
calibrated_acc=0.5526408450704225
auroc=0.5525023326172741
accuracy_std=0.003806645829302764
optimum_threshold_std=0.009945269674062729
calibrated_acc_std=0.01561600862105698
auroc_std=0.015271208688575755