model=saplma
started_at=2024-03-18-132243
repeats=5
train_source=tf
train_topic=None
train_layer=-13
train_split=train
val_source=qa-gen
val_topic=None
val_layer=-13
val_split=val
accuracy=0.6947164494540331
optimum_threshold=0.4840453267097473
calibrated_acc=0.7151461782317717
auroc=0.7889934901347049
accuracy_std=0.018800005021430737
optimum_threshold_std=0.021094076335430145
calibrated_acc_std=0.0021045958783077875
auroc_std=0.004212099003938394