model=saplma
started_at=2024-03-19-225514
repeats=5
train_source=tf
train_topic=None
train_layer=-9
train_split=train
val_source=qa-gen-prof
val_topic=None
val_layer=-9
val_split=val
accuracy=0.49215686274509796
optimum_threshold=0.43341031670570374
calibrated_acc=0.6811274509803921
auroc=0.571704477229339
accuracy_std=0.07850123267397843
optimum_threshold_std=0.027214575558900833
calibrated_acc_std=0.006790144694703441
auroc_std=0.048018239739619495