model=saplma
started_at=2024-03-19-224912
repeats=5
train_source=tf
train_topic=None
train_layer=-1
train_split=train
val_source=qa-gen-prof
val_topic=None
val_layer=-1
val_split=val
accuracy=0.663235294117647
optimum_threshold=0.5027136206626892
calibrated_acc=0.6642156862745098
auroc=0.3291306606223733
accuracy_std=0.0023572774585381468
optimum_threshold_std=0.015555164776742458
calibrated_acc_std=0.0
auroc_std=0.04040026870379252