model=saplma
started_at=2024-03-18-131557
repeats=5
train_source=qa
train_topic=None
train_layer=-1
train_split=train
val_source=qa-gen
val_topic=None
val_layer=-1
val_split=val
accuracy=0.7153927439239169
optimum_threshold=0.5675376057624817
calibrated_acc=0.7561817541387813
auroc=0.8426372045085803
accuracy_std=0.0350972988466185
optimum_threshold_std=0.17993862926959991
calibrated_acc_std=0.00522540507510971
auroc_std=0.004141884774953671