model=saplma
started_at=2024-03-19-225806
repeats=5
train_source=tf
train_topic=None
train_layer=-13
train_split=train
val_source=qa-gen
val_topic=None
val_layer=-13
val_split=val
accuracy=0.6558139534883721
optimum_threshold=0.4979552626609802
calibrated_acc=0.6793145654834761
auroc=0.7140211250307049
accuracy_std=0.03742088590542916
optimum_threshold_std=0.011095961555838585
calibrated_acc_std=0.01387488867656628
auroc_std=0.009323026397306327