model=saplma
started_at=2024-03-18-095155
repeats=5
train_source=qa
train_topic=None
train_layer=-9
train_split=train
val_source=qa
val_topic=None
val_layer=-9
val_split=val
accuracy=0.7913732394366197
optimum_threshold=0.6225416660308838
calibrated_acc=0.8021126760563382
auroc=0.8835383866657986
accuracy_std=0.004616236127509493
optimum_threshold_std=0.05073488876223564
calibrated_acc_std=0.004285444170647201
auroc_std=0.0036533848402626468