model=saplma
started_at=2024-03-18-094731
repeats=5
train_source=tf
train_topic=None
train_layer=-5
train_split=train
val_source=tf
val_topic=None
val_layer=-5
val_split=val
accuracy=0.5441860465116279
optimum_threshold=0.6202601790428162
calibrated_acc=0.6452285485164394
auroc=0.6699916632788016
accuracy_std=0.005090800400354093
optimum_threshold_std=0.12389572709798813
calibrated_acc_std=0.028001985953905614
auroc_std=0.03977878208774263