model=saplma
started_at=2024-03-18-095136
repeats=5
train_source=tf
train_topic=None
train_layer=-9
train_split=train
val_source=qa
val_topic=None
val_layer=-9
val_split=val
accuracy=0.6577464788732394
optimum_threshold=0.47634562849998474
calibrated_acc=0.7049295774647887
auroc=0.7690336919829261
accuracy_std=0.027305764789072085
optimum_threshold_std=0.008399846963584423
calibrated_acc_std=0.01171800091006603
auroc_std=0.014626384225225643