model=saplma
started_at=2024-03-19-225208
repeats=5
train_source=tf
train_topic=None
train_layer=-5
train_split=train
val_source=qa-gen-prof
val_topic=None
val_layer=-5
val_split=val
accuracy=0.6090686274509803
optimum_threshold=0.4711524546146393
calibrated_acc=0.6862745098039216
auroc=0.5842247991419262
accuracy_std=0.04911907799958601
optimum_threshold_std=0.00818648748099804
calibrated_acc_std=0.005682364274200779
auroc_std=0.04391212877065013