model=saplma
started_at=2024-03-18-095525
repeats=5
train_source=qa
train_topic=None
train_layer=-13
train_split=train
val_source=tf
val_topic=None
val_layer=-13
val_split=val
accuracy=0.5262229350441059
optimum_threshold=0.5054136514663696
calibrated_acc=0.5581395348837208
auroc=0.5560443801750712
accuracy_std=0.0015425328036624709
optimum_threshold_std=0.29369819164276123
calibrated_acc_std=0.022710188064965997
auroc_std=0.0323598433131162