model=saplma
started_at=2024-03-19-225817
repeats=5
train_source=qa
train_topic=None
train_layer=-13
train_split=train
val_source=qa-gen
val_topic=None
val_layer=-13
val_split=val
accuracy=0.7471236230110158
optimum_threshold=0.5229383707046509
calibrated_acc=0.7515299877600979
auroc=0.796954679439941
accuracy_std=0.015448482718210015
optimum_threshold_std=0.02891877479851246
calibrated_acc_std=0.01170815573421602
auroc_std=0.010023060114533307