model=saplma
started_at=2024-03-19-225507
repeats=5
train_source=qa
train_topic=None
train_layer=-9
train_split=train
val_source=qa-gen
val_topic=None
val_layer=-9
val_split=val
accuracy=0.7118727050183598
optimum_threshold=0.5656270980834961
calibrated_acc=0.7309669522643819
auroc=0.7877794153770573
accuracy_std=0.025595739537820548
optimum_threshold_std=0.04118672013282776
calibrated_acc_std=0.018530419454370225
auroc_std=0.008254333062137438