model=saplma
started_at=2024-03-18-094743
repeats=5
train_source=tf
train_topic=None
train_layer=-5
train_split=train
val_source=qa
val_topic=None
val_layer=-5
val_split=val
accuracy=0.7065140845070422
optimum_threshold=0.4883320927619934
calibrated_acc=0.7244718309859155
auroc=0.7918428141438751
accuracy_std=0.013387808298207635
optimum_threshold_std=0.006839025299996138
calibrated_acc_std=0.010246872118682044
auroc_std=0.01219279338240551