model=saplma
started_at=2024-03-19-230322
repeats=5
train_source=qa
train_topic=None
train_layer=-13
train_split=train
val_source=qa-gen-prof
val_topic=None
val_layer=-13
val_split=val
accuracy=0.7730392156862745
optimum_threshold=0.4746638238430023
calibrated_acc=0.7816176470588234
auroc=0.8309149414121789
accuracy_std=0.006212643066488532
optimum_threshold_std=0.040243152529001236
calibrated_acc_std=0.002192223507352727
auroc_std=0.002052023474172662