model=saplma
started_at=2024-03-18-131811
repeats=5
train_source=qa
train_topic=None
train_layer=-5
train_split=train
val_source=qa-gen
val_topic=None
val_layer=-5
val_split=val
accuracy=0.7811905600563578
optimum_threshold=0.5098651647567749
calibrated_acc=0.797710461430081
auroc=0.8837567142407474
accuracy_std=0.00706956700991104
optimum_threshold_std=0.19475437700748444
calibrated_acc_std=0.008090525131726081
auroc_std=0.00626512823959551