model=saplma
started_at=2024-03-19-230155
repeats=5
train_source=qa
train_topic=None
train_layer=-5
train_split=train
val_source=qa-gen-prof
val_topic=None
val_layer=-5
val_split=val
accuracy=0.7637254901960784
optimum_threshold=0.44393596053123474
calibrated_acc=0.7754901960784315
auroc=0.8236928203779031
accuracy_std=0.005708732695515764
optimum_threshold_std=0.06173107028007507
calibrated_acc_std=0.0020136858731807507
auroc_std=0.002303791755434235