model=saplma
started_at=2024-03-19-225823
repeats=5
train_source=tf
train_topic=None
train_layer=-13
train_split=train
val_source=qa-gen-prof
val_topic=None
val_layer=-13
val_split=val
accuracy=0.5240196078431373
optimum_threshold=0.453665554523468
calibrated_acc=0.6823529411764706
auroc=0.5900444552378253
accuracy_std=0.027602109371444288
optimum_threshold_std=0.014314379543066025
calibrated_acc_std=0.003614676765625631
auroc_std=0.013001081456974598