model=saplma
started_at=2024-03-18-094802
repeats=5
train_source=qa
train_topic=None
train_layer=-5
train_split=train
val_source=qa
val_topic=None
val_layer=-5
val_split=val
accuracy=0.7913732394366197
optimum_threshold=0.7086103558540344
calibrated_acc=0.8024647887323944
auroc=0.8870573064392637
accuracy_std=0.008091890981888299
optimum_threshold_std=0.13276958465576172
calibrated_acc_std=0.0047649185220860375
auroc_std=0.0038612670195084845