model=saplma
started_at=2024-03-18-095501
repeats=5
train_source=tf
train_topic=None
train_layer=-13
train_split=train
val_source=tf
val_topic=None
val_layer=-13
val_split=val
accuracy=0.5467522052927025
optimum_threshold=0.4131259322166443
calibrated_acc=0.5868484362469928
auroc=0.6130786173393508
accuracy_std=0.0018286694869272535
optimum_threshold_std=0.06752119958400726
calibrated_acc_std=0.035016660843899726
auroc_std=0.0496119176621049