model=saplma
started_at=2024-03-19-225150
repeats=5
train_source=tf
train_topic=None
train_layer=-5
train_split=train
val_source=qa-gen
val_topic=None
val_layer=-5
val_split=val
accuracy=0.6506731946144431
optimum_threshold=0.4913727343082428
calibrated_acc=0.6602203182374542
auroc=0.676319086219602
accuracy_std=0.02145651692741945
optimum_threshold_std=0.009564461186528206
calibrated_acc_std=0.01695127013685588
auroc_std=0.02522544143456701