model=saplma
started_at=2024-03-18-132303
repeats=5
train_source=qa
train_topic=None
train_layer=-13
train_split=train
val_source=qa-gen
val_topic=None
val_layer=-13
val_split=val
accuracy=0.7922860162028883
optimum_threshold=0.5824908018112183
calibrated_acc=0.7965833039802748
auroc=0.8841539513848833
accuracy_std=0.0063091188543879404
optimum_threshold_std=0.01777176558971405
calibrated_acc_std=0.005728586110352447
auroc_std=0.005318276566027836