model=saplma
started_at=2024-03-19-230116
repeats=5
train_source=qa
train_topic=None
train_layer=-1
train_split=train
val_source=qa-gen-prof
val_topic=None
val_layer=-1
val_split=val
accuracy=0.629656862745098
optimum_threshold=0.30673742294311523
calibrated_acc=0.7458333333333333
auroc=0.7831542306680428
accuracy_std=0.1363805968432075
optimum_threshold_std=0.172618106007576
calibrated_acc_std=0.0030759559799046787
auroc_std=0.011126211751053772