model=saplma
started_at=2024-03-18-095124
repeats=5
train_source=tf
train_topic=None
train_layer=-9
train_split=train
val_source=tf
val_topic=None
val_layer=-9
val_split=val
accuracy=0.5404971932638332
optimum_threshold=0.511026918888092
calibrated_acc=0.6184442662389735
auroc=0.640431039362704
accuracy_std=0.003630868138788087
optimum_threshold_std=0.09558957815170288
calibrated_acc_std=0.04033768518643087
auroc_std=0.05033126964843824