model=saplma
started_at=2024-03-18-094441
repeats=5
train_source=qa
train_topic=None
train_layer=-1
train_split=train
val_source=qa
val_topic=None
val_layer=-1
val_split=val
accuracy=0.691725352112676
optimum_threshold=0.6882284283638
calibrated_acc=0.7709507042253521
auroc=0.8504062318854058
accuracy_std=0.040336693278427864
optimum_threshold_std=0.2433255910873413
calibrated_acc_std=0.003137065084719274
auroc_std=0.005117133963205859