model=saplma
started_at=2024-03-19-224906
repeats=5
train_source=qa
train_topic=None
train_layer=-1
train_split=train
val_source=qa-gen
val_topic=None
val_layer=-1
val_split=val
accuracy=0.6952264381884945
optimum_threshold=0.4230741858482361
calibrated_acc=0.7260709914320687
auroc=0.7785224760501106
accuracy_std=0.048951957786588035
optimum_threshold_std=0.13015124201774597
calibrated_acc_std=0.014362991835207789
auroc_std=0.01813290488955904