model=saplma
started_at=2024-03-19-225201
repeats=5
train_source=qa
train_topic=None
train_layer=-5
train_split=train
val_source=qa-gen
val_topic=None
val_layer=-5
val_split=val
accuracy=0.7091799265605875
optimum_threshold=0.5588269233703613
calibrated_acc=0.7321909424724602
auroc=0.7840149840334071
accuracy_std=0.03876978115967262
optimum_threshold_std=0.07433037459850311
calibrated_acc_std=0.035794128228023
auroc_std=0.01938586064392325