model=saplma
started_at=2024-03-18-095513
repeats=5
train_source=tf
train_topic=None
train_layer=-13
train_split=train
val_source=qa
val_topic=None
val_layer=-13
val_split=val
accuracy=0.6839788732394366
optimum_threshold=0.4779201149940491
calibrated_acc=0.7311619718309859
auroc=0.7997885920291135
accuracy_std=0.04165788358794506
optimum_threshold_std=0.011295492760837078
calibrated_acc_std=0.006304931189954254
auroc_std=0.005217866445514966