model=saplma
started_at=2024-03-18-094755
repeats=5
train_source=qa
train_topic=None
train_layer=-5
train_split=train
val_source=tf
val_topic=None
val_layer=-5
val_split=val
accuracy=0.5289494787489974
optimum_threshold=0.7124627828598022
calibrated_acc=0.6068965517241379
auroc=0.6041354254043567
accuracy_std=0.01862296198163728
optimum_threshold_std=0.3659762144088745
calibrated_acc_std=0.02708440300467466
auroc_std=0.04001881886423475