,Unnamed: 0,original_idx,statement,label,n1,n2,diff,abs_diff
692,784,1084,Seventy-seven is smaller than eighty-three.,1,77,83,-6,6
443,780,1080,Seventy-seven is larger than seventy-eight.,0,77,78,-1,1
783,156,795,Seventy-one is smaller than fifty-four.,0,71,54,17,17
432,736,967,Seventy-four is larger than ninety-nine.,0,74,99,-25,25
200,800,1780,Ninety-five is larger than seventy-three.,1,95,73,22,22
361,452,518,Sixty-three is larger than eighty-nine.,0,63,89,-26,26
390,568,688,Sixty-seven is larger than eighty-three.,0,67,83,-16,16
25,100,625,Sixty-six is larger than sixty-one.,1,66,61,5,5
68,272,1031,Seventy-six is larger than seventy-two.,1,76,72,4,4
799,220,934,Seventy-four is smaller than sixty-two.,0,74,62,12,12
189,756,1731,Ninety-four is larger than sixty-seven.,1,94,67,27,27
116,464,1349,Eighty-four is larger than eighty-three.,1,84,83,1,1
558,248,263,Fifty-six is smaller than ninety-nine.,1,56,99,-43,43
719,892,1357,Eighty-four is smaller than ninety-three.,1,84,93,-9,9
408,640,811,Seventy-one is larger than seventy-three.,0,71,73,-2,2
717,884,1319,Eighty-three is smaller than ninety-nine.,1,83,99,-16,16
433,740,993,Seventy-five is larger than seventy-nine.,0,75,79,-4,4
487,956,1622,Ninety-one is larger than ninety-four.,0,91,94,-3,3
127,508,1420,Eighty-six is larger than sixty-four.,1,86,64,22,22
245,980,1970,Ninety-nine is larger than eighty-eight.,1,99,88,11,11
784,160,799,Seventy-one is smaller than fifty-eight.,0,71,58,13,13
714,872,1307,Eighty-three is smaller than eighty-six.,1,83,86,-3,3
627,524,615,Sixty-five is smaller than ninety-nine.,1,65,99,-34,34
723,908,1404,Eighty-five is smaller than ninety-six.,1,85,96,-11,11
209,836,1820,Ninety-six is larger than sixty-eight.,1,96,68,28,28
370,488,566,Sixty-four is larger than ninety-four.,0,64,94,-30,30
347,396,451,Sixty-two is larger than sixty-four.,0,62,64,-2,2
589,372,417,Sixty-one is smaller than seventy-five.,1,61,75,-14,14
87,348,1167,Seventy-nine is larger than seventy-six.,1,79,76,3,3
747,12,222,Fifty-six is smaller than fifty-three.,0,56,53,3,3
396,592,728,Sixty-eight is larger than seventy-eight.,0,68,78,-10,10
290,168,174,Fifty-four is larger than ninety-eight.,0,54,98,-44,44
759,60,489,Sixty-three is smaller than fifty-six.,0,63,56,7,7
82,328,1147,Seventy-nine is larger than fifty-four.,1,79,54,25,25
323,300,328,Fifty-eight is larger than seventy-four.,0,58,74,-16,16
541,180,190,Fifty-five is smaller than sixty-seven.,1,55,67,-12,12
179,716,1685,Ninety-three is larger than sixty-five.,1,93,65,28,28
954,840,1824,Ninety-six is smaller than seventy-three.,0,96,73,23,23
647,604,740,Sixty-eight is smaller than ninety-two.,1,68,92,-24,24
217,868,1855,Ninety-seven is larger than fifty-eight.,1,97,58,39,39
956,848,1832,Ninety-six is smaller than eighty-two.,0,96,82,14,14
594,392,437,Sixty-one is smaller than ninety-seven.,1,61,97,-36,36
755,44,404,Sixty-one is smaller than fifty-nine.,0,61,59,2,2
413,660,831,Seventy-one is larger than ninety-five.,0,71,95,-24,24
284,144,150,Fifty-four is larger than seventy-two.,0,54,72,-18,18
566,280,301,Fifty-seven is smaller than ninety-three.,1,57,93,-36,36
667,684,874,Seventy-two is smaller than ninety-four.,1,72,94,-22,22
275,108,111,Fifty-three is larger than seventy-seven.,0,53,77,-24,24
16,64,493,Sixty-three is larger than sixty-one.,1,63,61,2,2
989,980,1970,Ninety-nine is smaller than eighty-eight.,0,99,88,11,11
865,484,1383,Eighty-five is smaller than seventy-two.,0,85,72,13,13
388,560,680,Sixty-seven is larger than seventy-four.,0,67,74,-7,7
948,816,1796,Ninety-five is smaller than ninety-one.,0,95,91,4,4
666,680,870,Seventy-two is smaller than eighty-nine.,1,72,89,-17,17
629,532,637,Sixty-six is smaller than seventy-five.,1,66,75,-9,9
942,792,1772,Ninety-five is smaller than sixty-four.,0,95,64,31,31
77,308,1108,Seventy-eight is larger than fifty-nine.,1,78,59,19,19
389,564,684,Sixty-seven is larger than seventy-eight.,0,67,78,-11,11
198,792,1772,Ninety-five is larger than sixty-four.,1,95,64,31,31
978,936,1925,Ninety-eight is smaller than eighty-seven.,0,98,87,11,11
273,100,103,Fifty-three is larger than sixty-eight.,0,53,68,-15,15
96,384,1238,Eighty-two is larger than fifty-seven.,1,82,57,25,25
9,36,396,Sixty-one is larger than fifty-one.,1,61,51,10,10
372,496,587,Sixty-five is larger than sixty-eight.,0,65,68,-3,3
569,292,320,Fifty-eight is smaller than sixty-five.,1,58,65,-7,7
447,796,1096,Seventy-seven is larger than ninety-six.,0,77,96,-19,19
270,88,91,Fifty-three is larger than fifty-five.,0,53,55,-2,2
409,644,815,Seventy-one is larger than seventy-seven.,0,71,77,-6,6
320,288,316,Fifty-eight is larger than sixty-one.,0,58,61,-3,3
44,176,841,Seventy-two is larger than fifty-six.,1,72,56,16,16
35,140,752,Sixty-nine is larger than fifty-five.,1,69,55,14,14
237,948,1938,Ninety-nine is larger than fifty-three.,1,99,53,46,46
863,476,1375,Eighty-five is smaller than sixty-three.,0,85,63,22,22
920,704,1673,Ninety-three is smaller than fifty-two.,0,93,52,41,41
765,84,578,Sixty-five is smaller than fifty-seven.,0,65,57,8,8
466,872,1307,Eighty-three is larger than eighty-six.,0,83,86,-3,3
688,768,1044,Seventy-six is smaller than eighty-seven.,1,76,87,-11,11
194,776,1751,Ninety-four is larger than eighty-nine.,1,94,89,5,5
652,624,777,Sixty-nine is smaller than eighty-four.,1,69,84,-15,15
429,724,955,Seventy-four is larger than eighty-six.,0,74,86,-12,12
536,160,166,Fifty-four is smaller than eighty-nine.,1,54,89,-35,35
170,680,1642,Ninety-two is larger than sixty-six.,1,92,66,26,26
440,768,1044,Seventy-six is larger than eighty-seven.,0,76,87,-11,11
148,592,1527,Eighty-eight is larger than eighty-five.,1,88,85,3,3
979,940,1929,Ninety-eight is smaller than ninety-two.,0,98,92,6,6
553,228,243,Fifty-six is smaller than seventy-seven.,1,56,77,-21,21
474,904,1400,Eighty-five is larger than ninety-two.,0,85,92,-7,7
681,740,993,Seventy-five is smaller than seventy-nine.,1,75,79,-4,4
196,784,1764,Ninety-five is larger than fifty-five.,1,95,55,40,40
418,680,870,Seventy-two is larger than eighty-nine.,0,72,89,-17,17
728,928,1489,Eighty-seven is smaller than ninety-three.,1,87,93,-6,6
800,224,938,Seventy-four is smaller than sixty-six.,0,74,66,8,8
355,428,483,Sixty-two is larger than ninety-nine.,0,62,99,-37,37
191,764,1739,Ninety-four is larger than seventy-six.,1,94,76,18,18
684,752,1005,Seventy-five is smaller than ninety-three.,1,75,93,-18,18
254,24,24,Fifty-one is larger than seventy-eight.,0,51,78,-27,27
493,980,1800,Ninety-five is larger than ninety-six.,0,95,96,-1,1
133,532,1456,Eighty-seven is larger than fifty-five.,1,87,55,32,32
645,596,732,Sixty-eight is smaller than eighty-three.,1,68,83,-15,15
620,496,587,Sixty-five is smaller than sixty-eight.,1,65,68,-3,3
29,116,671,Sixty-seven is larger than sixty-three.,1,67,63,4,4
517,84,85,Fifty-two is smaller than ninety-seven.,1,52,97,-45,45
565,276,297,Fifty-seven is smaller than eighty-eight.,1,57,88,-31,31
891,588,1523,Eighty-eight is smaller than eighty-one.,0,88,81,7,7
858,456,1341,Eighty-four is smaller than seventy-four.,0,84,74,10,10
718,888,1353,Eighty-four is smaller than eighty-eight.,1,84,88,-4,4
665,676,866,Seventy-two is smaller than eighty-five.,1,72,85,-13,13
808,256,1015,Seventy-six is smaller than fifty-four.,0,76,54,22,22
669,692,902,Seventy-three is smaller than seventy-six.,1,73,76,-3,3
523,108,111,Fifty-three is smaller than seventy-seven.,1,53,77,-24,24
520,96,99,Fifty-three is smaller than sixty-four.,1,53,64,-11,11
499,12,12,Fifty-one is smaller than sixty-five.,1,51,65,-14,14
366,472,550,Sixty-four is larger than seventy-six.,0,64,76,-12,12
99,396,1250,Eighty-two is larger than seventy-one.,1,82,71,11,11
923,716,1685,Ninety-three is smaller than sixty-five.,0,93,65,28,28
166,664,1618,Ninety-one is larger than eighty-eight.,1,91,88,3,3
235,940,1929,Ninety-eight is larger than ninety-two.,1,98,92,6,6
597,404,459,Sixty-two is smaller than seventy-three.,1,62,73,-11,11
888,576,1511,Eighty-eight is smaller than sixty-seven.,0,88,67,21,21
428,720,951,Seventy-four is larger than eighty-two.,0,74,82,-8,8
30,120,704,Sixty-eight is larger than fifty-one.,1,68,51,17,17
579,332,368,Fifty-nine is smaller than sixty-nine.,1,59,69,-10,10
344,384,429,Sixty-one is larger than eighty-eight.,0,61,88,-27,27
809,260,1019,Seventy-six is smaller than fifty-eight.,0,76,58,18,18
819,300,1100,Seventy-eight is smaller than fifty-one.,0,78,51,27,27
713,868,1274,Eighty-two is smaller than ninety-eight.,1,82,98,-16,16
267,76,77,Fifty-two is larger than eighty-eight.,0,52,88,-36,36
274,104,107,Fifty-three is larger than seventy-three.,0,53,73,-20,20
790,184,849,Seventy-two is smaller than sixty-five.,0,72,65,7,7
946,808,1788,Ninety-five is smaller than eighty-two.,0,95,82,13,13
950,824,1808,Ninety-six is smaller than fifty-five.,0,96,55,41,41
182,728,1697,Ninety-three is larger than seventy-eight.,1,93,78,15,15
779,140,752,Sixty-nine is smaller than fifty-five.,0,69,55,14,14
159,636,1590,Ninety-one is larger than fifty-seven.,1,91,57,34,34
188,752,1727,Ninety-four is larger than sixty-three.,1,94,63,31,31
638,568,688,Sixty-seven is smaller than eighty-three.,1,67,83,-16,16
734,952,1582,Eighty-nine is smaller than ninety-eight.,1,89,98,-9,9
969,900,1887,Ninety-seven is smaller than ninety-four.,0,97,94,3,3
653,628,781,Sixty-nine is smaller than eighty-eight.,1,69,88,-19,19
769,100,625,Sixty-six is smaller than sixty-one.,0,66,61,5,5
836,368,1205,Eighty-one is smaller than sixty-nine.,0,81,69,12,12
434,744,997,Seventy-five is larger than eighty-four.,0,75,84,-9,9
758,56,485,Sixty-three is smaller than fifty-two.,0,63,52,11,11
140,560,1484,Eighty-seven is larger than eighty-six.,1,87,86,1,1
387,556,676,Sixty-seven is larger than sixty-nine.,0,67,69,-2,2
690,776,1052,Seventy-six is smaller than ninety-six.,1,76,96,-20,20
560,256,277,Fifty-seven is smaller than sixty-six.,1,57,66,-9,9
773,116,671,Sixty-seven is smaller than sixty-three.,0,67,63,4,4
279,124,127,Fifty-three is larger than ninety-five.,0,53,95,-42,42
27,108,663,Sixty-seven is larger than fifty-four.,1,67,54,13,13
65,260,1019,Seventy-six is larger than fifty-eight.,1,76,58,18,18
857,452,1337,Eighty-four is smaller than sixty-nine.,0,84,69,15,15
847,412,1282,Eighty-three is smaller than fifty-seven.,0,83,57,26,26
331,332,368,Fifty-nine is larger than sixty-nine.,0,59,69,-10,10
570,296,324,Fifty-eight is smaller than sixty-nine.,1,58,69,-11,11
486,952,1582,Eighty-nine is larger than ninety-eight.,0,89,98,-9,9
568,288,316,Fifty-eight is smaller than sixty-one.,1,58,61,-3,3
473,900,1396,Eighty-five is larger than eighty-seven.,0,85,87,-2,2
975,924,1913,Ninety-eight is smaller than seventy-four.,0,98,74,24,24
951,828,1812,Ninety-six is smaller than fifty-nine.,0,96,59,37,37
559,252,273,Fifty-seven is smaller than sixty-two.,1,57,62,-5,5
277,116,119,Fifty-three is larger than eighty-six.,0,53,86,-33,33
852,432,1302,Eighty-three is smaller than seventy-nine.,0,83,79,4,4
90,360,1197,Eighty-one is larger than sixty-one.,1,81,61,20,20
635,556,676,Sixty-seven is smaller than sixty-nine.,1,67,69,-2,2
52,208,898,Seventy-three is larger than seventy-one.,1,73,71,2,2
795,204,894,Seventy-three is smaller than sixty-six.,0,73,66,7,7
966,888,1875,Ninety-seven is smaller than eighty-one.,0,97,81,16,16
919,700,1662,Ninety-two is smaller than eighty-eight.,0,92,88,4,4
141,564,1499,Eighty-eight is larger than fifty-four.,1,88,54,34,34
670,696,906,Seventy-three is smaller than eighty-one.,1,73,81,-8,8
931,748,1723,Ninety-four is smaller than fifty-eight.,0,94,58,36,36
712,864,1270,Eighty-two is smaller than ninety-four.,1,82,94,-12,12
168,672,1634,Ninety-two is larger than fifty-seven.,1,92,57,35,35
325,308,336,Fifty-eight is larger than eighty-three.,0,58,83,-25,25
278,120,123,Fifty-three is larger than ninety-one.,0,53,91,-38,38
412,656,827,Seventy-one is larger than ninety-one.,0,71,91,-20,20
298,200,210,Fifty-five is larger than eighty-nine.,0,55,89,-34,34
603,428,483,Sixty-two is smaller than ninety-nine.,1,62,99,-37,37
467,876,1311,Eighty-three is larger than ninety-one.,0,83,91,-8,8
505,36,36,Fifty-one is smaller than ninety-two.,1,51,92,-41,41
661,660,831,Seventy-one is smaller than ninety-five.,1,71,95,-24,24
587,364,409,Sixty-one is smaller than sixty-six.,1,61,66,-5,5
147,588,1523,Eighty-eight is larger than eighty-one.,1,88,81,7,7
710,856,1262,Eighty-two is smaller than eighty-five.,1,82,85,-3,3
961,868,1855,Ninety-seven is smaller than fifty-eight.,0,97,58,39,39
976,928,1917,Ninety-eight is smaller than seventy-eight.,0,98,78,20,20
28,112,667,Sixty-seven is larger than fifty-eight.,1,67,58,9,9
430,728,959,Seventy-four is larger than ninety-one.,0,74,91,-17,17
797,212,926,Seventy-four is smaller than fifty-three.,0,74,53,21,21
415,668,858,Seventy-two is larger than seventy-six.,0,72,76,-4,4
519,92,95,Fifty-three is smaller than fifty-nine.,1,53,59,-6,6
751,28,352,Fifty-nine is smaller than fifty-one.,0,59,51,8,8
197,788,1768,Ninety-five is larger than fifty-nine.,1,95,59,36,36
262,56,57,Fifty-two is larger than sixty-six.,0,52,66,-14,14
512,64,65,Fifty-two is smaller than seventy-five.,1,52,75,-23,23
885,564,1499,Eighty-eight is smaller than fifty-four.,0,88,54,34,34
764,80,574,Sixty-five is smaller than fifty-three.,0,65,53,12,12
616,480,558,Sixty-four is smaller than eighty-five.,1,64,85,-21,21
42,168,807,Seventy-one is larger than sixty-seven.,1,71,67,4,4
33,132,716,Sixty-eight is larger than sixty-four.,1,68,64,4,4
607,444,510,Sixty-three is smaller than eighty-one.,1,63,81,-18,18
750,24,311,Fifty-eight is smaller than fifty-four.,0,58,54,4,4
752,32,356,Fifty-nine is smaller than fifty-five.,0,59,55,4,4
548,208,218,Fifty-five is smaller than ninety-eight.,1,55,98,-43,43
871,508,1420,Eighty-six is smaller than sixty-four.,0,86,64,22,22
110,440,1325,Eighty-four is larger than fifty-six.,1,84,56,28,28
172,688,1650,Ninety-two is larger than seventy-five.,1,92,75,17,17
539,172,182,Fifty-five is smaller than fifty-eight.,1,55,58,-3,3
798,216,930,Seventy-four is smaller than fifty-seven.,0,74,57,17,17
877,532,1456,Eighty-seven is smaller than fifty-five.,0,87,55,32,32
328,320,348,Fifty-eight is larger than ninety-six.,0,58,96,-38,38
310,248,263,Fifty-six is larger than ninety-nine.,0,56,99,-43,43
321,292,320,Fifty-eight is larger than sixty-five.,0,58,65,-7,7
162,648,1602,Ninety-one is larger than seventy-one.,1,91,71,20,20
345,388,433,Sixty-one is larger than ninety-three.,0,61,93,-32,32
868,496,1408,Eighty-six is smaller than fifty-one.,0,86,51,35,35
896,608,1553,Eighty-nine is smaller than sixty-five.,0,89,65,24,24
73,292,1072,Seventy-seven is larger than sixty-eight.,1,77,68,9,9
437,756,1009,Seventy-five is larger than ninety-seven.,0,75,97,-22,22
4,16,265,Fifty-seven is larger than fifty-two.,1,57,52,5,5
671,700,910,Seventy-three is smaller than eighty-five.,1,73,85,-12,12
149,596,1541,Eighty-nine is larger than fifty-two.,1,89,52,37,37
674,712,922,Seventy-three is smaller than ninety-eight.,1,73,98,-25,25
19,76,538,Sixty-four is larger than sixty-two.,1,64,62,2,2
453,820,1171,Seventy-nine is larger than eighty-two.,0,79,82,-3,3
475,908,1404,Eighty-five is larger than ninety-six.,0,85,96,-11,11
534,152,158,Fifty-four is smaller than eighty-one.,1,54,81,-27,27
918,696,1658,Ninety-two is smaller than eighty-four.,0,92,84,8,8
977,932,1921,Ninety-eight is smaller than eighty-three.,0,98,83,15,15
678,728,959,Seventy-four is smaller than ninety-one.,1,74,91,-17,17
573,308,336,Fifty-eight is smaller than eighty-three.,1,58,83,-25,25
139,556,1480,Eighty-seven is larger than eighty-two.,1,87,82,5,5
150,600,1545,Eighty-nine is larger than fifty-six.,1,89,56,33,33
804,240,977,Seventy-five is smaller than sixty-one.,0,75,61,14,14
886,568,1503,Eighty-eight is smaller than fifty-eight.,0,88,58,30,30
584,352,388,Fifty-nine is smaller than ninety-two.,1,59,92,-33,33
624,512,603,Sixty-five is smaller than eighty-six.,1,65,86,-21,21
632,544,649,Sixty-six is smaller than eighty-eight.,1,66,88,-22,22
377,516,607,Sixty-five is larger than ninety-one.,0,65,91,-26,26
85,340,1159,Seventy-nine is larger than sixty-seven.,1,79,67,12,12
704,832,1183,Seventy-nine is smaller than ninety-five.,1,79,95,-16,16
909,660,1614,Ninety-one is smaller than eighty-four.,0,91,84,7,7
53,212,926,Seventy-four is larger than fifty-three.,1,74,53,21,21
406,632,785,Sixty-nine is larger than ninety-three.,0,69,93,-24,24
59,236,973,Seventy-five is larger than fifty-six.,1,75,56,19,19
878,536,1460,Eighty-seven is smaller than fifty-nine.,0,87,59,28,28
173,692,1654,Ninety-two is larger than seventy-nine.,1,92,79,13,13
529,132,138,Fifty-four is smaller than fifty-eight.,1,54,58,-4,4
442,776,1052,Seventy-six is larger than ninety-six.,0,76,96,-20,20
206,824,1808,Ninety-six is larger than fifty-five.,1,96,55,41,41
659,652,823,Seventy-one is smaller than eighty-six.,1,71,86,-15,15
105,420,1290,Eighty-three is larger than sixty-six.,1,83,66,17,17
456,832,1183,Seventy-nine is larger than ninety-five.,0,79,95,-16,16
385,548,653,Sixty-six is larger than ninety-three.,0,66,93,-27,27
97,388,1242,Eighty-two is larger than sixty-two.,1,82,62,20,20
623,508,599,Sixty-five is smaller than eighty-two.,1,65,82,-17,17
715,876,1311,Eighty-three is smaller than ninety-one.,1,83,91,-8,8
577,324,360,Fifty-nine is smaller than sixty-one.,1,59,61,-2,2
756,48,443,Sixty-two is smaller than fifty-four.,0,62,54,8,8
753,36,396,Sixty-one is smaller than fifty-one.,0,61,51,10,10
571,300,328,Fifty-eight is smaller than seventy-four.,1,58,74,-16,16
439,764,1040,Seventy-six is larger than eighty-three.,0,76,83,-7,7
657,644,815,Seventy-one is smaller than seventy-seven.,1,71,77,-6,6
515,76,77,Fifty-two is smaller than eighty-eight.,1,52,88,-36,36
987,972,1962,Ninety-nine is smaller than seventy-nine.,0,99,79,20,20
898,616,1561,Eighty-nine is smaller than seventy-four.,0,89,74,15,15
882,552,1476,Eighty-seven is smaller than seventy-seven.,0,87,77,10,10
943,796,1776,Ninety-five is smaller than sixty-eight.,0,95,68,27,27
801,228,942,Seventy-four is smaller than seventy-one.,0,74,71,3,3
591,380,425,Sixty-one is smaller than eighty-four.,1,61,84,-23,23
18,72,534,Sixty-four is larger than fifty-seven.,1,64,57,7,7
695,796,1096,Seventy-seven is smaller than ninety-six.,1,77,96,-19,19
11,44,404,Sixty-one is larger than fifty-nine.,1,61,59,2,2
56,224,938,Seventy-four is larger than sixty-six.,1,74,66,8,8
572,304,332,Fifty-eight is smaller than seventy-eight.,1,58,78,-20,20
195,780,1760,Ninety-five is larger than fifty-one.,1,95,51,44,44
775,124,708,Sixty-eight is smaller than fifty-five.,0,68,55,13,13
216,864,1851,Ninety-seven is larger than fifty-four.,1,97,54,43,43
618,488,566,Sixty-four is smaller than ninety-four.,1,64,94,-30,30
513,68,69,Fifty-two is smaller than seventy-nine.,1,52,79,-27,27
341,372,417,Sixty-one is larger than seventy-five.,0,61,75,-14,14
874,520,1432,Eighty-six is smaller than seventy-seven.,0,86,77,9,9
901,628,1573,Eighty-nine is smaller than eighty-seven.,0,89,87,2,2
687,764,1040,Seventy-six is smaller than eighty-three.,1,76,83,-7,7
174,696,1658,Ninety-two is larger than eighty-four.,1,92,84,8,8
253,20,20,Fifty-one is larger than seventy-four.,0,51,74,-23,23
732,944,1539,Eighty-eight is smaller than ninety-nine.,1,88,99,-11,11
424,704,914,Seventy-three is larger than eighty-nine.,0,73,89,-16,16
511,60,61,Fifty-two is smaller than seventy-one.,1,52,71,-19,19
471,892,1357,Eighty-four is larger than ninety-three.,0,84,93,-9,9
971,908,1897,Ninety-eight is smaller than fifty-six.,0,98,56,42,42
138,552,1476,Eighty-seven is larger than seventy-seven.,1,87,77,10,10
0,0,44,Fifty-two is larger than fifty-one.,1,52,51,1,1
126,504,1416,Eighty-six is larger than fifty-nine.,1,86,59,27,27
873,516,1428,Eighty-six is smaller than seventy-three.,0,86,73,13,13
36,144,756,Sixty-nine is larger than fifty-nine.,1,69,59,10,10
959,860,1844,Ninety-six is smaller than ninety-five.,0,96,95,1,1
530,136,142,Fifty-four is smaller than sixty-three.,1,54,63,-9,9
288,160,166,Fifty-four is larger than eighty-nine.,0,54,89,-35,35
444,784,1084,Seventy-seven is larger than eighty-three.,0,77,83,-6,6
175,700,1662,Ninety-two is larger than eighty-eight.,1,92,88,4,4
463,860,1266,Eighty-two is larger than eighty-nine.,0,82,89,-7,7
609,452,518,Sixty-three is smaller than eighty-nine.,1,63,89,-26,26
514,72,73,Fifty-two is smaller than eighty-four.,1,52,84,-32,32
465,868,1274,Eighty-two is larger than ninety-eight.,0,82,98,-16,16
866,488,1387,Eighty-five is smaller than seventy-six.,0,85,76,9,9
335,348,384,Fifty-nine is larger than eighty-seven.,0,59,87,-28,28
203,812,1792,Ninety-five is larger than eighty-six.,1,95,86,9,9
380,528,633,Sixty-six is larger than seventy-one.,0,66,71,-5,5
460,848,1226,Eighty-one is larger than ninety-four.,0,81,94,-13,13
121,484,1383,Eighty-five is larger than seventy-two.,1,85,72,13,13
414,664,835,Seventy-one is larger than ninety-nine.,0,71,99,-28,28
239,956,1946,Ninety-nine is larger than sixty-two.,1,99,62,37,37
595,396,451,Sixty-two is smaller than sixty-four.,1,62,64,-2,2
129,516,1428,Eighty-six is larger than seventy-three.,1,86,73,13,13
60,240,977,Seventy-five is larger than sixty-one.,1,75,61,14,14
721,900,1396,Eighty-five is smaller than eighty-seven.,1,85,87,-2,2
968,896,1883,Ninety-seven is smaller than eighty-nine.,0,97,89,8,8
958,856,1840,Ninety-six is smaller than ninety-one.,0,96,91,5,5
521,100,103,Fifty-three is smaller than sixty-eight.,1,53,68,-15,15
103,412,1282,Eighty-three is larger than fifty-seven.,1,83,57,26,26
365,468,546,Sixty-four is larger than seventy-two.,0,64,72,-8,8
91,364,1201,Eighty-one is larger than sixty-five.,1,81,65,16,16
435,748,1001,Seventy-five is larger than eighty-eight.,0,75,88,-13,13
832,352,1189,Eighty-one is smaller than fifty-two.,0,81,52,29,29
972,912,1901,Ninety-eight is smaller than sixty-one.,0,98,61,37,37
3,12,222,Fifty-six is larger than fifty-three.,1,56,53,3,3
386,552,657,Sixty-six is larger than ninety-seven.,0,66,97,-31,31
491,972,1713,Ninety-three is larger than ninety-seven.,0,93,97,-4,4
962,872,1859,Ninety-seven is smaller than sixty-three.,0,97,63,34,34
212,848,1832,Ninety-six is larger than eighty-two.,1,96,82,14,14
846,408,1278,Eighty-three is smaller than fifty-three.,0,83,53,30,30
974,920,1909,Ninety-eight is smaller than sixty-nine.,0,98,69,29,29
180,720,1689,Ninety-three is larger than sixty-nine.,1,93,69,24,24
92,368,1205,Eighty-one is larger than sixty-nine.,1,81,69,12,12
76,304,1104,Seventy-eight is larger than fifty-five.,1,78,55,23,23
921,708,1677,Ninety-three is smaller than fifty-six.,0,93,56,37,37
985,964,1954,Ninety-nine is smaller than seventy-one.,0,99,71,28,28
658,648,819,Seventy-one is smaller than eighty-two.,1,71,82,-11,11
860,464,1349,Eighty-four is smaller than eighty-three.,0,84,83,1,1
81,324,1124,Seventy-eight is larger than seventy-seven.,1,78,77,1,1
619,492,570,Sixty-four is smaller than ninety-eight.,1,64,98,-34,34
20,80,574,Sixty-five is larger than fifty-three.,1,65,53,12,12
932,752,1727,Ninety-four is smaller than sixty-three.,0,94,63,31,31
893,596,1541,Eighty-nine is smaller than fifty-two.,0,89,52,37,37
357,436,502,Sixty-three is larger than seventy-two.,0,63,72,-9,9
884,560,1484,Eighty-seven is smaller than eighty-six.,0,87,86,1,1
965,884,1871,Ninety-seven is smaller than seventy-six.,0,97,76,21,21
373,500,591,Sixty-five is larger than seventy-three.,0,65,73,-8,8
106,424,1294,Eighty-three is larger than seventy-one.,1,83,71,12,12
582,344,380,Fifty-nine is smaller than eighty-three.,1,59,83,-24,24
400,608,744,Sixty-eight is larger than ninety-six.,0,68,96,-28,28
702,824,1175,Seventy-nine is smaller than eighty-six.,1,79,86,-7,7
47,188,853,Seventy-two is larger than sixty-nine.,1,72,69,3,3
827,332,1151,Seventy-nine is smaller than fifty-eight.,0,79,58,21,21
501,20,20,Fifty-one is smaller than seventy-four.,1,51,74,-23,23
922,712,1681,Ninety-three is smaller than sixty-one.,0,93,61,32,32
528,128,131,Fifty-three is smaller than ninety-nine.,1,53,99,-46,46
265,68,69,Fifty-two is larger than seventy-nine.,0,52,79,-27,27
941,788,1768,Ninety-five is smaller than fifty-nine.,0,95,59,36,36
421,692,902,Seventy-three is larger than seventy-six.,0,73,76,-3,3
183,732,1701,Ninety-three is larger than eighty-three.,1,93,83,10,10
778,136,748,Sixty-nine is smaller than fifty-one.,0,69,51,18,18
982,952,1942,Ninety-nine is smaller than fifty-seven.,0,99,57,42,42
367,476,554,Sixty-four is larger than eighty-one.,0,64,81,-17,17
504,32,32,Fifty-one is smaller than eighty-seven.,1,51,87,-36,36
730,936,1531,Eighty-eight is smaller than ninety-one.,1,88,91,-3,3
88,352,1189,Eighty-one is larger than fifty-two.,1,81,52,29,29
102,408,1278,Eighty-three is larger than fifty-three.,1,83,53,30,30
184,736,1705,Ninety-three is larger than eighty-seven.,1,93,87,6,6
145,580,1515,Eighty-eight is larger than seventy-two.,1,88,72,16,16
851,428,1298,Eighty-three is smaller than seventy-five.,0,83,75,8,8
100,400,1254,Eighty-two is larger than seventy-five.,1,82,75,7,7
574,312,340,Fifty-eight is smaller than eighty-seven.,1,58,87,-29,29
394,584,720,Sixty-eight is larger than sixty-nine.,0,68,69,-1,1
213,852,1836,Ninety-six is larger than eighty-six.,1,96,86,10,10
824,320,1120,Seventy-eight is smaller than seventy-three.,0,78,73,5,5
79,316,1116,Seventy-eight is larger than sixty-eight.,1,78,68,10,10
241,964,1954,Ninety-nine is larger than seventy-one.,1,99,71,28,28
54,216,930,Seventy-four is larger than fifty-seven.,1,74,57,17,17
393,580,700,Sixty-seven is larger than ninety-six.,0,67,96,-29,29
912,672,1634,Ninety-two is smaller than fifty-seven.,0,92,57,35,35
230,920,1909,Ninety-eight is larger than sixty-nine.,1,98,69,29,29
502,24,24,Fifty-one is smaller than seventy-eight.,1,51,78,-27,27
708,848,1226,Eighty-one is smaller than ninety-four.,1,81,94,-13,13
120,480,1379,Eighty-five is larger than sixty-seven.,1,85,67,18,18
803,236,973,Seventy-five is smaller than fifty-six.,0,75,56,19,19
134,536,1460,Eighty-seven is larger than fifty-nine.,1,87,59,28,28
770,104,629,Sixty-six is smaller than sixty-five.,0,66,65,1,1
78,312,1112,Seventy-eight is larger than sixty-four.,1,78,64,14,14
315,268,289,Fifty-seven is larger than seventy-nine.,0,57,79,-22,22
303,220,235,Fifty-six is larger than sixty-eight.,0,56,68,-12,12
826,328,1147,Seventy-nine is smaller than fifty-four.,0,79,54,25,25
532,144,150,Fifty-four is smaller than seventy-two.,1,54,72,-18,18
163,652,1606,Ninety-one is larger than seventy-five.,1,91,75,16,16
115,460,1345,Eighty-four is larger than seventy-eight.,1,84,78,6,6
817,292,1072,Seventy-seven is smaller than sixty-eight.,0,77,68,9,9
43,172,837,Seventy-two is larger than fifty-two.,1,72,52,20,20
662,664,835,Seventy-one is smaller than ninety-nine.,1,71,99,-28,28
855,444,1329,Eighty-four is smaller than sixty-one.,0,84,61,23,23
119,476,1375,Eighty-five is larger than sixty-three.,1,85,63,22,22
441,772,1048,Seventy-six is larger than ninety-two.,0,76,92,-16,16
461,852,1230,Eighty-one is larger than ninety-eight.,0,81,98,-17,17
449,804,1129,Seventy-eight is larger than eighty-four.,0,78,84,-6,6
190,760,1735,Ninety-four is larger than seventy-two.,1,94,72,22,22
283,140,146,Fifty-four is larger than sixty-seven.,0,54,67,-13,13
302,216,231,Fifty-six is larger than sixty-four.,0,56,64,-8,8
549,212,227,Fifty-six is smaller than fifty-nine.,1,56,59,-3,3
459,844,1222,Eighty-one is larger than eighty-nine.,0,81,89,-8,8
640,576,696,Sixty-seven is smaller than ninety-two.,1,67,92,-25,25
469,884,1319,Eighty-three is larger than ninety-nine.,0,83,99,-16,16
379,524,615,Sixty-five is larger than ninety-nine.,0,65,99,-34,34
864,480,1379,Eighty-five is smaller than sixty-seven.,0,85,67,18,18
492,976,1756,Ninety-four is larger than ninety-six.,0,94,96,-2,2
668,688,878,Seventy-two is smaller than ninety-eight.,1,72,98,-26,26
835,364,1201,Eighty-one is smaller than sixty-five.,0,81,65,16,16
425,708,918,Seventy-three is larger than ninety-four.,0,73,94,-21,21
990,984,1974,Ninety-nine is smaller than ninety-three.,0,99,93,6,6
843,396,1250,Eighty-two is smaller than seventy-one.,0,82,71,11,11
374,504,595,Sixty-five is larger than seventy-seven.,0,65,77,-12,12
639,572,692,Sixty-seven is smaller than eighty-seven.,1,67,87,-20,20
2,8,178,Fifty-five is larger than fifty-three.,1,55,53,2,2
7,28,352,Fifty-nine is larger than fifty-one.,1,59,51,8,8
392,576,696,Sixty-seven is larger than ninety-two.,0,67,92,-25,25
913,676,1638,Ninety-two is smaller than sixty-two.,0,92,62,30,30
280,128,131,Fifty-three is larger than ninety-nine.,0,53,99,-46,46
952,832,1816,Ninety-six is smaller than sixty-four.,0,96,64,32,32
382,536,641,Sixty-six is larger than seventy-nine.,0,66,79,-13,13
348,400,455,Sixty-two is larger than sixty-eight.,0,62,68,-6,6
881,548,1472,Eighty-seven is smaller than seventy-three.,0,87,73,14,14
741,980,1800,Ninety-five is smaller than ninety-six.,1,95,96,-1,1
776,128,712,Sixty-eight is smaller than fifty-nine.,0,68,59,9,9
14,56,485,Sixty-three is larger than fifty-two.,1,63,52,11,11
605,436,502,Sixty-three is smaller than seventy-two.,1,63,72,-9,9
660,656,827,Seventy-one is smaller than ninety-one.,1,71,91,-20,20
316,272,293,Fifty-seven is larger than eighty-four.,0,57,84,-27,27
897,612,1557,Eighty-nine is smaller than sixty-nine.,0,89,69,20,20
736,960,1626,Ninety-one is smaller than ninety-eight.,1,91,98,-7,7
749,20,269,Fifty-seven is smaller than fifty-six.,0,57,56,1,1
228,912,1901,Ninety-eight is larger than sixty-one.,1,98,61,37,37
967,892,1879,Ninety-seven is smaller than eighty-five.,0,97,85,12,12
915,684,1646,Ninety-two is smaller than seventy-one.,0,92,71,21,21
354,424,479,Sixty-two is larger than ninety-five.,0,62,95,-33,33
305,228,243,Fifty-six is larger than seventy-seven.,0,56,77,-21,21
601,420,475,Sixty-two is smaller than ninety-one.,1,62,91,-29,29
291,172,182,Fifty-five is larger than fifty-eight.,0,55,58,-3,3
924,720,1689,Ninety-three is smaller than sixty-nine.,0,93,69,24,24
664,672,862,Seventy-two is smaller than eighty-one.,1,72,81,-9,9
62,248,985,Seventy-five is larger than sixty-nine.,1,75,69,6,6
57,228,942,Seventy-four is larger than seventy-one.,1,74,71,3,3
720,896,1361,Eighty-four is smaller than ninety-seven.,1,84,97,-13,13
426,712,922,Seventy-three is larger than ninety-eight.,0,73,98,-25,25
622,504,595,Sixty-five is smaller than seventy-seven.,1,65,77,-12,12
821,308,1108,Seventy-eight is smaller than fifty-nine.,0,78,59,19,19
697,804,1129,Seventy-eight is smaller than eighty-four.,1,78,84,-6,6
696,800,1125,Seventy-eight is smaller than seventy-nine.,1,78,79,-1,1
693,788,1088,Seventy-seven is smaller than eighty-seven.,1,77,87,-10,10
154,616,1561,Eighty-nine is larger than seventy-four.,1,89,74,15,15
700,816,1141,Seventy-eight is smaller than ninety-seven.,1,78,97,-19,19
516,80,81,Fifty-two is smaller than ninety-three.,1,52,93,-41,41
229,916,1905,Ninety-eight is larger than sixty-five.,1,98,65,33,33
202,808,1788,Ninety-five is larger than eighty-two.,1,95,82,13,13
478,920,1448,Eighty-six is larger than ninety-six.,0,86,96,-10,10
205,820,1804,Ninety-six is larger than fifty-one.,1,96,51,45,45
648,608,744,Sixty-eight is smaller than ninety-six.,1,68,96,-28,28
935,764,1739,Ninety-four is smaller than seventy-six.,0,94,76,18,18
488,960,1626,Ninety-one is larger than ninety-eight.,0,91,98,-7,7
402,616,769,Sixty-nine is larger than seventy-five.,0,69,75,-6,6
785,164,803,Seventy-one is smaller than sixty-three.,0,71,63,8,8
672,704,914,Seventy-three is smaller than eighty-nine.,1,73,89,-16,16
830,344,1163,Seventy-nine is smaller than seventy-two.,0,79,72,7,7
722,904,1400,Eighty-five is smaller than ninety-two.,1,85,92,-7,7
631,540,645,Sixty-six is smaller than eighty-four.,1,66,84,-18,18
153,612,1557,Eighty-nine is larger than sixty-nine.,1,89,69,20,20
101,404,1258,Eighty-two is larger than seventy-nine.,1,82,79,3,3
32,128,712,Sixty-eight is larger than fifty-nine.,1,68,59,9,9
894,600,1545,Eighty-nine is smaller than fifty-six.,0,89,56,33,33
600,416,471,Sixty-two is smaller than eighty-six.,1,62,86,-24,24
634,552,657,Sixty-six is smaller than ninety-seven.,1,66,97,-31,31
850,424,1294,Eighty-three is smaller than seventy-one.,0,83,71,12,12
155,620,1565,Eighty-nine is larger than seventy-eight.,1,89,78,11,11
436,752,1005,Seventy-five is larger than ninety-three.,0,75,93,-18,18
214,856,1840,Ninety-six is larger than ninety-one.,1,96,91,5,5
870,504,1416,Eighty-six is smaller than fifty-nine.,0,86,59,27,27
38,152,764,Sixty-nine is larger than sixty-eight.,1,69,68,1,1
208,832,1816,Ninety-six is larger than sixty-four.,1,96,64,32,32
563,268,289,Fifty-seven is smaller than seventy-nine.,1,57,79,-22,22
34,136,748,Sixty-nine is larger than fifty-one.,1,69,51,18,18
643,588,724,Sixty-eight is smaller than seventy-four.,1,68,74,-6,6
793,196,886,Seventy-three is smaller than fifty-seven.,0,73,57,16,16
50,200,890,Seventy-three is larger than sixty-two.,1,73,62,11,11
317,276,297,Fifty-seven is larger than eighty-eight.,0,57,88,-31,31
362,456,522,Sixty-three is larger than ninety-four.,0,63,94,-31,31
104,416,1286,Eighty-three is larger than sixty-two.,1,83,62,21,21
240,960,1950,Ninety-nine is larger than sixty-six.,1,99,66,33,33
369,484,562,Sixty-four is larger than eighty-nine.,0,64,89,-25,25
527,124,127,Fifty-three is smaller than ninety-five.,1,53,95,-42,42
796,208,898,Seventy-three is smaller than seventy-one.,0,73,71,2,2
238,952,1942,Ninety-nine is larger than fifty-seven.,1,99,57,42,42
350,408,463,Sixty-two is larger than seventy-seven.,0,62,77,-15,15
654,632,785,Sixty-nine is smaller than ninety-three.,1,69,93,-24,24
151,604,1549,Eighty-nine is larger than sixty-one.,1,89,61,28,28
833,356,1193,Eighty-one is smaller than fifty-six.,0,81,56,25,25
221,884,1871,Ninety-seven is larger than seventy-six.,1,97,76,21,21
375,508,599,Sixty-five is larger than eighty-two.,0,65,82,-17,17
642,584,720,Sixty-eight is smaller than sixty-nine.,1,68,69,-1,1
89,356,1193,Eighty-one is larger than fifty-six.,1,81,56,25,25
410,648,819,Seventy-one is larger than eighty-two.,0,71,82,-11,11
204,816,1796,Ninety-five is larger than ninety-one.,1,95,91,4,4
786,168,807,Seventy-one is smaller than sixty-seven.,0,71,67,4,4
792,192,882,Seventy-three is smaller than fifty-three.,0,73,53,20,20
462,856,1262,Eighty-two is larger than eighty-five.,0,82,85,-3,3
839,380,1234,Eighty-two is smaller than fifty-three.,0,82,53,29,29
300,208,218,Fifty-five is larger than ninety-eight.,0,55,98,-43,43
550,216,231,Fifty-six is smaller than sixty-four.,1,56,64,-8,8
636,560,680,Sixty-seven is smaller than seventy-four.,1,67,74,-7,7
431,732,963,Seventy-four is larger than ninety-five.,0,74,95,-21,21
71,284,1064,Seventy-seven is larger than fifty-nine.,1,77,59,18,18
363,460,526,Sixty-three is larger than ninety-eight.,0,63,98,-35,35
816,288,1068,Seventy-seven is smaller than sixty-four.,0,77,64,13,13
248,0,0,Fifty-one is larger than fifty-two.,0,51,52,-1,1
404,624,777,Sixty-nine is larger than eighty-four.,0,69,84,-15,15
933,756,1731,Ninety-four is smaller than sixty-seven.,0,94,67,27,27
957,852,1836,Ninety-six is smaller than eighty-six.,0,96,86,10,10
777,132,716,Sixty-eight is smaller than sixty-four.,0,68,64,4,4
825,324,1124,Seventy-eight is smaller than seventy-seven.,0,78,77,1,1
771,108,663,Sixty-seven is smaller than fifty-four.,0,67,54,13,13
66,264,1023,Seventy-six is larger than sixty-three.,1,76,63,13,13
114,456,1341,Eighty-four is larger than seventy-four.,1,84,74,10,10
507,44,45,Fifty-two is smaller than fifty-three.,1,52,53,-1,1
802,232,969,Seventy-five is smaller than fifty-two.,0,75,52,23,23
259,44,45,Fifty-two is larger than fifty-three.,0,52,53,-1,1
181,724,1693,Ninety-three is larger than seventy-four.,1,93,74,19,19
117,468,1367,Eighty-five is larger than fifty-four.,1,85,54,31,31
314,264,285,Fifty-seven is larger than seventy-five.,0,57,75,-18,18
405,628,781,Sixty-nine is larger than eighty-eight.,0,69,88,-19,19
593,388,433,Sixty-one is smaller than ninety-three.,1,61,93,-32,32
986,968,1958,Ninety-nine is smaller than seventy-five.,0,99,75,24,24
544,192,202,Fifty-five is smaller than eighty-one.,1,55,81,-26,26
312,256,277,Fifty-seven is larger than sixty-six.,0,57,66,-9,9
211,844,1828,Ninety-six is larger than seventy-seven.,1,96,77,19,19
628,528,633,Sixty-six is smaller than seventy-one.,1,66,71,-5,5
586,360,405,Sixty-one is smaller than sixty-two.,1,61,62,-1,1
707,844,1222,Eighty-one is smaller than eighty-nine.,1,81,89,-8,8
906,648,1602,Ninety-one is smaller than seventy-one.,0,91,71,20,20
842,392,1246,Eighty-two is smaller than sixty-six.,0,82,66,16,16
246,984,1974,Ninety-nine is larger than ninety-three.,1,99,93,6,6
376,512,603,Sixty-five is larger than eighty-six.,0,65,86,-21,21
555,236,251,Fifty-six is smaller than eighty-six.,1,56,86,-30,30
199,796,1776,Ninety-five is larger than sixty-eight.,1,95,68,27,27
107,428,1298,Eighty-three is larger than seventy-five.,1,83,75,8,8
812,272,1031,Seventy-six is smaller than seventy-two.,0,76,72,4,4
282,136,142,Fifty-four is larger than sixty-three.,0,54,63,-9,9
705,836,1187,Seventy-nine is smaller than ninety-nine.,1,79,99,-20,20
294,184,194,Fifty-five is larger than seventy-two.,0,55,72,-17,17
306,232,247,Fifty-six is larger than eighty-two.,0,56,82,-26,26
940,784,1764,Ninety-five is smaller than fifty-five.,0,95,55,40,40
157,628,1573,Eighty-nine is larger than eighty-seven.,1,89,87,2,2
371,492,570,Sixty-four is larger than ninety-eight.,0,64,98,-34,34
244,976,1966,Ninety-nine is larger than eighty-four.,1,99,84,15,15
171,684,1646,Ninety-two is larger than seventy-one.,1,92,71,21,21
791,188,853,Seventy-two is smaller than sixty-nine.,0,72,69,3,3
359,444,510,Sixty-three is larger than eighty-one.,0,63,81,-18,18
299,204,214,Fifty-five is larger than ninety-four.,0,55,94,-39,39
580,336,372,Fifty-nine is smaller than seventy-four.,1,59,74,-15,15
963,876,1863,Ninety-seven is smaller than sixty-seven.,0,97,67,30,30
596,400,455,Sixty-two is smaller than sixty-eight.,1,62,68,-6,6
547,204,214,Fifty-five is smaller than ninety-four.,1,55,94,-39,39
378,520,611,Sixty-five is larger than ninety-five.,0,65,95,-30,30
224,896,1883,Ninety-seven is larger than eighty-nine.,1,97,89,8,8
24,96,621,Sixty-six is larger than fifty-six.,1,66,56,10,10
391,572,692,Sixty-seven is larger than eighty-seven.,0,67,87,-20,20
322,296,324,Fifty-eight is larger than sixty-nine.,0,58,69,-11,11
649,612,765,Sixty-nine is smaller than seventy-one.,1,69,71,-2,2
311,252,273,Fifty-seven is larger than sixty-two.,0,57,62,-5,5
724,912,1440,Eighty-six is smaller than eighty-seven.,1,86,87,-1,1
840,384,1238,Eighty-two is smaller than fifty-seven.,0,82,57,25,25
122,488,1387,Eighty-five is larger than seventy-six.,1,85,76,9,9
210,840,1824,Ninety-six is larger than seventy-three.,1,96,73,23,23
295,188,198,Fifty-five is larger than seventy-six.,0,55,76,-21,21
40,160,799,Seventy-one is larger than fifty-eight.,1,71,58,13,13
109,436,1321,Eighty-four is larger than fifty-two.,1,84,52,32,32
900,624,1569,Eighty-nine is smaller than eighty-three.,0,89,83,6,6
161,644,1598,Ninety-one is larger than sixty-six.,1,91,66,25,25
711,860,1266,Eighty-two is smaller than eighty-nine.,1,82,89,-7,7
176,704,1673,Ninety-three is larger than fifty-two.,1,93,52,41,41
45,180,845,Seventy-two is larger than sixty-one.,1,72,61,11,11
518,88,91,Fifty-three is smaller than fifty-five.,1,53,55,-2,2
701,820,1171,Seventy-nine is smaller than eighty-two.,1,79,82,-3,3
37,148,760,Sixty-nine is larger than sixty-four.,1,69,64,5,5
831,348,1167,Seventy-nine is smaller than seventy-six.,0,79,76,3,3
677,724,955,Seventy-four is smaller than eighty-six.,1,74,86,-12,12
255,28,28,Fifty-one is larger than eighty-three.,0,51,83,-32,32
716,880,1315,Eighty-three is smaller than ninety-five.,1,83,95,-12,12
130,520,1432,Eighty-six is larger than seventy-seven.,1,86,77,9,9
207,828,1812,Ninety-six is larger than fifty-nine.,1,96,59,37,37
353,420,475,Sixty-two is larger than ninety-one.,0,62,91,-29,29
64,256,1015,Seventy-six is larger than fifty-four.,1,76,54,22,22
108,432,1302,Eighty-three is larger than seventy-nine.,1,83,79,4,4
818,296,1076,Seventy-seven is smaller than seventy-three.,0,77,73,4,4
232,928,1917,Ninety-eight is larger than seventy-eight.,1,98,78,20,20
655,636,789,Sixty-nine is smaller than ninety-seven.,1,69,97,-28,28
829,340,1159,Seventy-nine is smaller than sixty-seven.,0,79,67,12,12
883,556,1480,Eighty-seven is smaller than eighty-two.,0,87,82,5,5
991,988,1978,Ninety-nine is smaller than ninety-seven.,0,99,97,2,2
914,680,1642,Ninety-two is smaller than sixty-six.,0,92,66,26,26
327,316,344,Fifty-eight is larger than ninety-two.,0,58,92,-34,34
80,320,1120,Seventy-eight is larger than seventy-three.,1,78,73,5,5
834,360,1197,Eighty-one is smaller than sixty-one.,0,81,61,20,20
332,336,372,Fifty-nine is larger than seventy-four.,0,59,74,-15,15
401,612,765,Sixty-nine is larger than seventy-one.,0,69,71,-2,2
485,948,1578,Eighty-nine is larger than ninety-four.,0,89,94,-5,5
767,92,617,Sixty-six is smaller than fifty-two.,0,66,52,14,14
6,24,311,Fifty-eight is larger than fifty-four.,1,58,54,4,4
947,812,1792,Ninety-five is smaller than eighty-six.,0,95,86,9,9
220,880,1867,Ninety-seven is larger than seventy-two.,1,97,72,25,25
902,632,1586,Ninety-one is smaller than fifty-three.,0,91,53,38,38
761,68,530,Sixty-four is smaller than fifty-three.,0,64,53,11,11
260,48,49,Fifty-two is larger than fifty-seven.,0,52,57,-5,5
739,972,1713,Ninety-three is smaller than ninety-seven.,1,93,97,-4,4
925,724,1693,Ninety-three is smaller than seventy-four.,0,93,74,19,19
257,36,36,Fifty-one is larger than ninety-two.,0,51,92,-41,41
416,672,862,Seventy-two is larger than eighty-one.,0,72,81,-9,9
286,152,158,Fifty-four is larger than eighty-one.,0,54,81,-27,27
543,188,198,Fifty-five is smaller than seventy-six.,1,55,76,-21,21
823,316,1116,Seventy-eight is smaller than sixty-eight.,0,78,68,10,10
333,340,376,Fifty-nine is larger than seventy-eight.,0,59,78,-19,19
606,440,506,Sixty-three is smaller than seventy-six.,1,63,76,-13,13
911,668,1630,Ninety-two is smaller than fifty-three.,0,92,53,39,39
814,280,1060,Seventy-seven is smaller than fifty-five.,0,77,55,22,22
709,852,1230,Eighty-one is smaller than ninety-eight.,1,81,98,-17,17
225,900,1887,Ninety-seven is larger than ninety-four.,1,97,94,3,3
810,264,1023,Seventy-six is smaller than sixty-three.,0,76,63,13,13
651,620,773,Sixty-nine is smaller than seventy-nine.,1,69,79,-10,10
234,936,1925,Ninety-eight is larger than eighty-seven.,1,98,87,11,11
498,8,8,Fifty-one is smaller than sixty-one.,1,51,61,-10,10
524,112,115,Fifty-three is smaller than eighty-two.,1,53,82,-29,29
222,888,1875,Ninety-seven is larger than eighty-one.,1,97,81,16,16
489,964,1667,Ninety-two is larger than ninety-five.,0,92,95,-3,3
903,636,1590,Ninety-one is smaller than fifty-seven.,0,91,57,34,34
892,592,1527,Eighty-eight is smaller than eighty-five.,0,88,85,3,3
545,196,206,Fifty-five is smaller than eighty-five.,1,55,85,-30,30
289,164,170,Fifty-four is larger than ninety-four.,0,54,94,-40,40
875,524,1436,Eighty-six is smaller than eighty-two.,0,86,82,4,4
691,780,1080,Seventy-seven is smaller than seventy-eight.,1,77,78,-1,1
780,144,756,Sixty-nine is smaller than fifty-nine.,0,69,59,10,10
557,244,259,Fifty-six is smaller than ninety-five.,1,56,95,-39,39
31,124,708,Sixty-eight is larger than fifty-five.,1,68,55,13,13
953,836,1820,Ninety-six is smaller than sixty-eight.,0,96,68,28,28
397,596,732,Sixty-eight is larger than eighty-three.,0,68,83,-15,15
725,916,1444,Eighty-six is smaller than ninety-two.,1,86,92,-6,6
970,904,1893,Ninety-eight is smaller than fifty-two.,0,98,52,46,46
352,416,471,Sixty-two is larger than eighty-six.,0,62,86,-24,24
178,712,1681,Ninety-three is larger than sixty-one.,1,93,61,32,32
346,392,437,Sixty-one is larger than ninety-seven.,0,61,97,-36,36
890,584,1519,Eighty-eight is smaller than seventy-six.,0,88,76,12,12
612,464,542,Sixty-four is smaller than sixty-seven.,1,64,67,-3,3
757,52,447,Sixty-two is smaller than fifty-eight.,0,62,58,4,4
578,328,364,Fifty-nine is smaller than sixty-five.,1,59,65,-6,6
358,440,506,Sixty-three is larger than seventy-six.,0,63,76,-13,13
218,872,1859,Ninety-seven is larger than sixty-three.,1,97,63,34,34
258,40,40,Fifty-one is larger than ninety-six.,0,51,96,-45,45
251,12,12,Fifty-one is larger than sixty-five.,0,51,65,-14,14
904,640,1594,Ninety-one is smaller than sixty-two.,0,91,62,29,29
158,632,1586,Ninety-one is larger than fifty-three.,1,91,53,38,38
186,744,1719,Ninety-four is larger than fifty-four.,1,94,54,40,40
152,608,1553,Eighty-nine is larger than sixty-five.,1,89,65,24,24
676,720,951,Seventy-four is smaller than eighty-two.,1,74,82,-8,8
201,804,1784,Ninety-five is larger than seventy-seven.,1,95,77,18,18
326,312,340,Fifty-eight is larger than eighty-seven.,0,58,87,-29,29
849,420,1290,Eighty-three is smaller than sixty-six.,0,83,66,17,17
336,352,388,Fifty-nine is larger than ninety-two.,0,59,92,-33,33
772,112,667,Sixty-seven is smaller than fifty-eight.,0,67,58,9,9
889,580,1515,Eighty-eight is smaller than seventy-two.,0,88,72,16,16
236,944,1933,Ninety-eight is larger than ninety-six.,1,98,96,2,2
160,640,1594,Ninety-one is larger than sixty-two.,1,91,62,29,29
822,312,1112,Seventy-eight is smaller than sixty-four.,0,78,64,14,14
774,120,704,Sixty-eight is smaller than fifty-one.,0,68,51,17,17
342,376,421,Sixty-one is larger than seventy-nine.,0,61,79,-18,18
766,88,582,Sixty-five is smaller than sixty-two.,0,65,62,3,3
452,816,1141,Seventy-eight is larger than ninety-seven.,0,78,97,-19,19
980,944,1933,Ninety-eight is smaller than ninety-six.,0,98,96,2,2
880,544,1468,Eighty-seven is smaller than sixty-eight.,0,87,68,19,19
729,932,1493,Eighty-seven is smaller than ninety-seven.,1,87,97,-10,10
754,40,400,Sixty-one is smaller than fifty-five.,0,61,55,6,6
296,192,202,Fifty-five is larger than eighty-one.,0,55,81,-26,26
123,492,1391,Eighty-five is larger than eighty-one.,1,85,81,4,4
936,768,1743,Ninety-four is smaller than eighty-one.,0,94,81,13,13
169,676,1638,Ninety-two is larger than sixty-two.,1,92,62,30,30
694,792,1092,Seventy-seven is smaller than ninety-two.,1,77,92,-15,15
698,808,1133,Seventy-eight is smaller than eighty-eight.,1,78,88,-10,10
542,184,194,Fifty-five is smaller than seventy-two.,1,55,72,-17,17
63,252,989,Seventy-five is larger than seventy-four.,1,75,74,1,1
983,956,1946,Ninety-nine is smaller than sixty-two.,0,99,62,37,37
26,104,629,Sixty-six is larger than sixty-five.,1,66,65,1,1
95,380,1234,Eighty-two is larger than fifty-three.,1,82,53,29,29
583,348,384,Fifty-nine is smaller than eighty-seven.,1,59,87,-28,28
165,660,1614,Ninety-one is larger than eighty-four.,1,91,84,7,7
457,836,1187,Seventy-nine is larger than ninety-nine.,0,79,99,-20,20
845,404,1258,Eighty-two is smaller than seventy-nine.,0,82,79,3,3
611,460,526,Sixty-three is smaller than ninety-eight.,1,63,98,-35,35
360,448,514,Sixty-three is larger than eighty-five.,0,63,85,-22,22
899,620,1565,Eighty-nine is smaller than seventy-eight.,0,89,78,11,11
841,388,1242,Eighty-two is smaller than sixty-two.,0,82,62,20,20
621,500,591,Sixty-five is smaller than seventy-three.,1,65,73,-8,8
470,888,1353,Eighty-four is larger than eighty-eight.,0,84,88,-4,4
420,688,878,Seventy-two is larger than ninety-eight.,0,72,98,-26,26
535,156,162,Fifty-four is smaller than eighty-five.,1,54,85,-31,31
646,600,736,Sixty-eight is smaller than eighty-seven.,1,68,87,-19,19
938,776,1751,Ninety-four is smaller than eighty-nine.,0,94,89,5,5
144,576,1511,Eighty-eight is larger than sixty-seven.,1,88,67,21,21
853,436,1321,Eighty-four is smaller than fifty-two.,0,84,52,32,32
13,52,447,Sixty-two is larger than fifty-eight.,1,62,58,4,4
468,880,1315,Eighty-three is larger than ninety-five.,0,83,95,-12,12
854,440,1325,Eighty-four is smaller than fifty-six.,0,84,56,28,28
164,656,1610,Ninety-one is larger than seventy-nine.,1,91,79,12,12
613,468,546,Sixty-four is smaller than seventy-two.,1,64,72,-8,8
495,988,1891,Ninety-seven is larger than ninety-nine.,0,97,99,-2,2
192,768,1743,Ninety-four is larger than eighty-one.,1,94,81,13,13
464,864,1270,Eighty-two is larger than ninety-four.,0,82,94,-12,12
423,700,910,Seventy-three is larger than eighty-five.,0,73,85,-12,12
419,684,874,Seventy-two is larger than ninety-four.,0,72,94,-22,22
41,164,803,Seventy-one is larger than sixty-three.,1,71,63,8,8
219,876,1863,Ninety-seven is larger than sixty-seven.,1,97,67,30,30
554,232,247,Fifty-six is smaller than eighty-two.,1,56,82,-26,26
590,376,421,Sixty-one is smaller than seventy-nine.,1,61,79,-18,18
318,280,301,Fifty-seven is larger than ninety-three.,0,57,93,-36,36
844,400,1254,Eighty-two is smaller than seventy-five.,0,82,75,7,7
828,336,1155,Seventy-nine is smaller than sixty-three.,0,79,63,16,16
815,284,1064,Seventy-seven is smaller than fifty-nine.,0,77,59,18,18
143,572,1507,Eighty-eight is larger than sixty-three.,1,88,63,25,25
984,960,1950,Ninety-nine is smaller than sixty-six.,0,99,66,33,33
633,548,653,Sixty-six is smaller than ninety-three.,1,66,93,-27,27
907,652,1606,Ninety-one is smaller than seventy-five.,0,91,75,16,16
23,92,617,Sixty-six is larger than fifty-two.,1,66,52,14,14
187,748,1723,Ninety-four is larger than fifty-eight.,1,94,58,36,36
22,88,582,Sixty-five is larger than sixty-two.,1,65,62,3,3
973,916,1905,Ninety-eight is smaller than sixty-five.,0,98,65,33,33
297,196,206,Fifty-five is larger than eighty-five.,0,55,85,-30,30
503,28,28,Fifty-one is smaller than eighty-three.,1,51,83,-32,32
905,644,1598,Ninety-one is smaller than sixty-six.,0,91,66,25,25
249,4,4,Fifty-one is larger than fifty-six.,0,51,56,-5,5
276,112,115,Fifty-three is larger than eighty-two.,0,53,82,-29,29
247,988,1978,Ninety-nine is larger than ninety-seven.,1,99,97,2,2
146,584,1519,Eighty-eight is larger than seventy-six.,1,88,76,12,12
407,636,789,Sixty-nine is larger than ninety-seven.,0,69,97,-28,28
686,760,1036,Seventy-six is smaller than seventy-eight.,1,76,78,-2,2
988,976,1966,Ninety-nine is smaller than eighty-four.,0,99,84,15,15
301,212,227,Fifty-six is larger than fifty-nine.,0,56,59,-3,3
307,236,251,Fifty-six is larger than eighty-six.,0,56,86,-30,30
806,248,985,Seventy-five is smaller than sixty-nine.,0,75,69,6,6
132,528,1452,Eighty-seven is larger than fifty-one.,1,87,51,36,36
575,316,344,Fifty-eight is smaller than ninety-two.,1,58,92,-34,34
48,192,882,Seventy-three is larger than fifty-three.,1,73,53,20,20
567,284,305,Fifty-seven is smaller than ninety-seven.,1,57,97,-40,40
93,372,1209,Eighty-one is larger than seventy-four.,1,81,74,7,7
349,404,459,Sixty-two is larger than seventy-three.,0,62,73,-11,11
497,4,4,Fifty-one is smaller than fifty-six.,1,51,56,-5,5
656,640,811,Seventy-one is smaller than seventy-three.,1,71,73,-2,2
637,564,684,Sixty-seven is smaller than seventy-eight.,1,67,78,-11,11
683,748,1001,Seventy-five is smaller than eighty-eight.,1,75,88,-13,13
787,172,837,Seventy-two is smaller than fifty-two.,0,72,52,20,20
762,72,534,Sixty-four is smaller than fifty-seven.,0,64,57,7,7
746,8,178,Fifty-five is smaller than fifty-three.,0,55,53,2,2
788,176,841,Seventy-two is smaller than fifty-six.,0,72,56,16,16
679,732,963,Seventy-four is smaller than ninety-five.,1,74,95,-21,21
599,412,467,Sixty-two is smaller than eighty-two.,1,62,82,-20,20
124,496,1408,Eighty-six is larger than fifty-one.,1,86,51,35,35
458,840,1218,Eighty-one is larger than eighty-five.,0,81,85,-4,4
981,948,1938,Ninety-nine is smaller than fifty-three.,0,99,53,46,46
510,56,57,Fifty-two is smaller than sixty-six.,1,52,66,-14,14
454,824,1175,Seventy-nine is larger than eighty-six.,0,79,86,-7,7
811,268,1027,Seventy-six is smaller than sixty-seven.,0,76,67,9,9
193,772,1747,Ninety-four is larger than eighty-five.,1,94,85,9,9
531,140,146,Fifty-four is smaller than sixty-seven.,1,54,67,-13,13
477,916,1444,Eighty-six is larger than ninety-two.,0,86,92,-6,6
446,792,1092,Seventy-seven is larger than ninety-two.,0,77,92,-15,15
848,416,1286,Eighty-three is smaller than sixty-two.,0,83,62,21,21
142,568,1503,Eighty-eight is larger than fifty-eight.,1,88,58,30,30
748,16,265,Fifty-seven is smaller than fifty-two.,0,57,52,5,5
744,0,44,Fifty-two is smaller than fifty-one.,0,52,51,1,1
805,244,981,Seventy-five is smaller than sixty-five.,0,75,65,10,10
781,148,760,Sixty-nine is smaller than sixty-four.,0,69,64,5,5
939,780,1760,Ninety-five is smaller than fifty-one.,0,95,51,44,44
876,528,1452,Eighty-seven is smaller than fifty-one.,0,87,51,36,36
738,968,1671,Ninety-two is smaller than ninety-nine.,1,92,99,-7,7
438,760,1036,Seventy-six is larger than seventy-eight.,0,76,78,-2,2
887,572,1507,Eighty-eight is smaller than sixty-three.,0,88,63,25,25
663,668,858,Seventy-two is smaller than seventy-six.,1,72,76,-4,4
872,512,1424,Eighty-six is smaller than sixty-eight.,0,86,68,18,18
131,524,1436,Eighty-six is larger than eighty-two.,1,86,82,4,4
879,540,1464,Eighty-seven is smaller than sixty-four.,0,87,64,23,23
955,844,1828,Ninety-six is smaller than seventy-seven.,0,96,77,19,19
735,956,1622,Ninety-one is smaller than ninety-four.,1,91,94,-3,3
313,260,281,Fifty-seven is larger than seventy-one.,0,57,71,-14,14
626,520,611,Sixty-five is smaller than ninety-five.,1,65,95,-30,30
929,740,1709,Ninety-three is smaller than ninety-two.,0,93,92,1,1
398,600,736,Sixty-eight is larger than eighty-seven.,0,68,87,-19,19
451,812,1137,Seventy-eight is larger than ninety-three.,0,78,93,-15,15
526,120,123,Fifty-three is smaller than ninety-one.,1,53,91,-38,38
862,472,1371,Eighty-five is smaller than fifty-eight.,0,85,58,27,27
484,944,1539,Eighty-eight is larger than ninety-nine.,0,88,99,-11,11
934,760,1735,Ninety-four is smaller than seventy-two.,0,94,72,22,22
472,896,1361,Eighty-four is larger than ninety-seven.,0,84,97,-13,13
292,176,186,Fifty-five is larger than sixty-three.,0,55,63,-8,8
417,676,866,Seventy-two is larger than eighty-five.,0,72,85,-13,13
910,664,1618,Ninety-one is smaller than eighty-eight.,0,91,88,3,3
538,168,174,Fifty-four is smaller than ninety-eight.,1,54,98,-44,44
383,540,645,Sixty-six is larger than eighty-four.,0,66,84,-18,18
680,736,967,Seventy-four is smaller than ninety-nine.,1,74,99,-25,25
256,32,32,Fifty-one is larger than eighty-seven.,0,51,87,-36,36
113,452,1337,Eighty-four is larger than sixty-nine.,1,84,69,15,15
21,84,578,Sixty-five is larger than fifty-seven.,1,65,57,8,8
820,304,1104,Seventy-eight is smaller than fifty-five.,0,78,55,23,23
733,948,1578,Eighty-nine is smaller than ninety-four.,1,89,94,-5,5
450,808,1133,Seventy-eight is larger than eighty-eight.,0,78,88,-10,10
837,372,1209,Eighty-one is smaller than seventy-four.,0,81,74,7,7
546,200,210,Fifty-five is smaller than eighty-nine.,1,55,89,-34,34
699,812,1137,Seventy-eight is smaller than ninety-three.,1,78,93,-15,15
339,364,409,Sixty-one is larger than sixty-six.,0,61,66,-5,5
343,380,425,Sixty-one is larger than eighty-four.,0,61,84,-23,23
287,156,162,Fifty-four is larger than eighty-five.,0,54,85,-31,31
15,60,489,Sixty-three is larger than fifty-six.,1,63,56,7,7
742,984,1845,Ninety-six is smaller than ninety-seven.,1,96,97,-1,1
610,456,522,Sixty-three is smaller than ninety-four.,1,63,94,-31,31
84,336,1155,Seventy-nine is larger than sixty-three.,1,79,63,16,16
479,924,1485,Eighty-seven is larger than eighty-eight.,0,87,88,-1,1
70,280,1060,Seventy-seven is larger than fifty-five.,1,77,55,22,22
46,184,849,Seventy-two is larger than sixty-five.,1,72,65,7,7
540,176,186,Fifty-five is smaller than sixty-three.,1,55,63,-8,8
330,328,364,Fifty-nine is larger than sixty-five.,0,59,65,-6,6
86,344,1163,Seventy-nine is larger than seventy-two.,1,79,72,7,7
266,72,73,Fifty-two is larger than eighty-four.,0,52,84,-32,32
960,864,1851,Ninety-seven is smaller than fifty-four.,0,97,54,43,43
644,592,728,Sixty-eight is smaller than seventy-eight.,1,68,78,-10,10
789,180,845,Seventy-two is smaller than sixty-one.,0,72,61,11,11
58,232,969,Seventy-five is larger than fifty-two.,1,75,52,23,23
928,736,1705,Ninety-three is smaller than eighty-seven.,0,93,87,6,6
12,48,443,Sixty-two is larger than fifty-four.,1,62,54,8,8
706,840,1218,Eighty-one is smaller than eighty-five.,1,81,85,-4,4
319,284,305,Fifty-seven is larger than ninety-seven.,0,57,97,-40,40
602,424,479,Sixty-two is smaller than ninety-five.,1,62,95,-33,33
